0.00000e+000	0.00000e+000	9.25781e-005
0.00000e+000	2.50000e-003	7.26563e-004
0.00000e+000	7.50000e-003	1.98559e-003
0.00000e+000	1.25000e-002	3.14446e-003
0.00000e+000	1.75000e-002	4.17054e-003
0.00000e+000	2.25000e-002	5.06139e-003
0.00000e+000	2.75000e-002	5.82345e-003
0.00000e+000	3.25000e-002	6.46552e-003
0.00000e+000	3.75000e-002	6.99703e-003
0.00000e+000	4.25000e-002	7.42744e-003
0.00000e+000	4.75000e-002	7.76592e-003
0.00000e+000	5.25000e-002	8.02123e-003
0.00000e+000	5.75000e-002	8.20164e-003
0.00000e+000	6.25000e-002	8.31486e-003
0.00000e+000	6.75000e-002	8.36798e-003
0.00000e+000	7.25000e-002	8.36743e-003
0.00000e+000	7.75000e-002	8.31883e-003
0.00000e+000	8.25000e-002	8.22686e-003
0.00000e+000	8.75000e-002	8.09507e-003
0.00000e+000	9.25000e-002	7.92568e-003
0.00000e+000	9.75000e-002	7.71956e-003
0.00000e+000	1.02500e-001	7.47656e-003
0.00000e+000	1.07500e-001	7.19607e-003
0.00000e+000	1.12500e-001	6.87745e-003
0.00000e+000	1.17500e-001	6.52055e-003
0.00000e+000	1.22500e-001	6.12626e-003
0.00000e+000	1.27500e-001	5.69679e-003
0.00000e+000	1.32500e-001	5.23569e-003
0.00000e+000	1.37500e-001	4.74764e-003
0.00000e+000	1.42500e-001	4.23827e-003
0.00000e+000	1.47500e-001	3.71398e-003
0.00000e+000	1.52500e-001	3.18189e-003
0.00000e+000	1.57500e-001	2.64970e-003
0.00000e+000	1.62500e-001	2.12568e-003
0.00000e+000	1.67500e-001	1.61859e-003
0.00000e+000	1.72500e-001	1.13760e-003
0.00000e+000	1.77500e-001	6.92171e-004
0.00000e+000	1.82500e-001	2.91734e-004
0.00000e+000	1.87500e-001	-5.49113e-005
0.00000e+000	1.92500e-001	-3.41337e-004
0.00000e+000	1.97500e-001	-4.72695e-004

2.50000e-001	0.00000e+000	9.25781e-005
2.50000e-001	2.50000e-003	7.26563e-004
2.50000e-001	7.50000e-003	2.77447e-003
2.50000e-001	1.25000e-002	4.70199e-003
2.50000e-001	1.75000e-002	6.40108e-003
2.50000e-001	2.25000e-002	7.84935e-003
2.50000e-001	2.75000e-002	9.04983e-003
2.50000e-001	3.25000e-002	1.00139e-002
2.50000e-001	3.75000e-002	1.07562e-002
2.50000e-001	4.25000e-002	1.12931e-002
2.50000e-001	4.75000e-002	1.16415e-002
2.50000e-001	5.25000e-002	1.18183e-002
2.50000e-001	5.75000e-002	1.18404e-002
2.50000e-001	6.25000e-002	1.17241e-002
2.50000e-001	6.75000e-002	1.14852e-002
2.50000e-001	7.25000e-002	1.11385e-002
2.50000e-001	7.75000e-002	1.06980e-002
2.50000e-001	8.25000e-002	1.01761e-002
2.50000e-001	8.75000e-002	9.58400e-003
2.50000e-001	9.25000e-002	8.93123e-003
2.50000e-001	9.75000e-002	8.22623e-003
2.50000e-001	1.02500e-001	7.47655e-003
2.50000e-001	1.07500e-001	6.68937e-003
2.50000e-001	1.12500e-001	5.87187e-003
2.50000e-001	1.17500e-001	5.03160e-003
2.50000e-001	1.22500e-001	4.17696e-003
2.50000e-001	1.27500e-001	3.31758e-003
2.50000e-001	1.32500e-001	2.46456e-003
2.50000e-001	1.37500e-001	1.63044e-003
2.50000e-001	1.42500e-001	8.29045e-004
2.50000e-001	1.47500e-001	7.52597e-005
2.50000e-001	1.52500e-001	-6.15172e-004
2.50000e-001	1.57500e-001	-1.22587e-003
2.50000e-001	1.62500e-001	-1.74001e-003
2.50000e-001	1.67500e-001	-2.14060e-003
2.50000e-001	1.72500e-001	-2.41075e-003
2.50000e-001	1.77500e-001	-2.53421e-003
2.50000e-001	1.82500e-001	-2.49623e-003
2.50000e-001	1.87500e-001	-2.28546e-003
2.50000e-001	1.92500e-001	-1.89886e-003
2.50000e-001	1.97500e-001	-1.26158e-003

7.50000e-001	0.00000e+000	6.57851e-004
7.50000e-001	2.50000e-003	2.86236e-003
7.50000e-001	7.50000e-003	3.53960e-003
7.50000e-001	1.25000e-002	4.17963e-003
7.50000e-001	1.75000e-002	4.79853e-003
7.50000e-001	2.25000e-002	5.39217e-003
7.50000e-001	2.75000e-002	5.95026e-003
7.50000e-001	3.25000e-002	6.46346e-003
7.50000e-001	3.75000e-002	6.92398e-003
7.50000e-001	4.25000e-002	7.32549e-003
7.50000e-001	4.75000e-002	7.66295e-003
7.50000e-001	5.25000e-002	7.93245e-003
7.50000e-001	5.75000e-002	8.13101e-003
7.50000e-001	6.25000e-002	8.25642e-003
7.50000e-001	6.75000e-002	8.30707e-003
7.50000e-001	7.25000e-002	8.28177e-003
7.50000e-001	7.75000e-002	8.17968e-003
7.50000e-001	8.25000e-002	8.00047e-003
7.50000e-001	8.75000e-002	7.74509e-003
7.50000e-001	9.25000e-002	7.41715e-003
7.50000e-001	9.75000e-002	7.02435e-003
7.50000e-001	1.02500e-001	6.57823e-003
7.50000e-001	1.07500e-001	6.09307e-003
7.50000e-001	1.12500e-001	5.58518e-003
7.50000e-001	1.17500e-001	5.07180e-003
7.50000e-001	1.22500e-001	4.56896e-003
7.50000e-001	1.27500e-001	4.08995e-003
7.50000e-001	1.32500e-001	3.64521e-003
7.50000e-001	1.37500e-001	3.24279e-003
7.50000e-001	1.42500e-001	2.88897e-003
7.50000e-001	1.47500e-001	2.58862e-003
7.50000e-001	1.52500e-001	2.34539e-003
7.50000e-001	1.57500e-001	2.16178e-003
7.50000e-001	1.62500e-001	2.03896e-003
7.50000e-001	1.67500e-001	1.97650e-003
7.50000e-001	1.72500e-001	1.97170e-003
7.50000e-001	1.77500e-001	2.01831e-003
7.50000e-001	1.82500e-001	2.10304e-003
7.50000e-001	1.87500e-001	2.19281e-003
7.50000e-001	1.92500e-001	2.19313e-003
7.50000e-001	1.97500e-001	3.58457e-004

1.25000e+000	0.00000e+000	7.69653e-004
1.25000e+000	2.50000e-003	3.35198e-003
1.25000e+000	7.50000e-003	3.86240e-003
1.25000e+000	1.25000e-002	4.25042e-003
1.25000e+000	1.75000e-002	4.60115e-003
1.25000e+000	2.25000e-002	4.93456e-003
1.25000e+000	2.75000e-002	5.25095e-003
1.25000e+000	3.25000e-002	5.54717e-003
1.25000e+000	3.75000e-002	5.81956e-003
1.25000e+000	4.25000e-002	6.06460e-003
1.25000e+000	4.75000e-002	6.27900e-003
1.25000e+000	5.25000e-002	6.45977e-003
1.25000e+000	5.75000e-002	6.60413e-003
1.25000e+000	6.25000e-002	6.70955e-003
1.25000e+000	6.75000e-002	6.77373e-003
1.25000e+000	7.25000e-002	6.79469e-003
1.25000e+000	7.75000e-002	6.77097e-003
1.25000e+000	8.25000e-002	6.70203e-003
1.25000e+000	8.75000e-002	6.58876e-003
1.25000e+000	9.25000e-002	6.43396e-003
1.25000e+000	9.75000e-002	6.24245e-003
1.25000e+000	1.02500e-001	6.02063e-003
1.25000e+000	1.07500e-001	5.77606e-003
1.25000e+000	1.12500e-001	5.51711e-003
1.25000e+000	1.17500e-001	5.25267e-003
1.25000e+000	1.22500e-001	4.99146e-003
1.25000e+000	1.27500e-001	4.74127e-003
1.25000e+000	1.32500e-001	4.50841e-003
1.25000e+000	1.37500e-001	4.29758e-003
1.25000e+000	1.42500e-001	4.11199e-003
1.25000e+000	1.47500e-001	3.95348e-003
1.25000e+000	1.52500e-001	3.82275e-003
1.25000e+000	1.57500e-001	3.71937e-003
1.25000e+000	1.62500e-001	3.64171e-003
1.25000e+000	1.67500e-001	3.58664e-003
1.25000e+000	1.72500e-001	3.54883e-003
1.25000e+000	1.77500e-001	3.51907e-003
1.25000e+000	1.82500e-001	3.47986e-003
1.25000e+000	1.87500e-001	3.38942e-003
1.25000e+000	1.92500e-001	3.12521e-003
1.25000e+000	1.97500e-001	6.79043e-004

1.75000e+000	0.00000e+000	8.07539e-004
1.75000e+000	2.50000e-003	3.53156e-003
1.75000e+000	7.50000e-003	3.98816e-003
1.75000e+000	1.25000e-002	4.29375e-003
1.75000e+000	1.75000e-002	4.55036e-003
1.75000e+000	2.25000e-002	4.78445e-003
1.75000e+000	2.75000e-002	5.00207e-003
1.75000e+000	3.25000e-002	5.20392e-003
1.75000e+000	3.75000e-002	5.38902e-003
1.75000e+000	4.25000e-002	5.55586e-003
1.75000e+000	4.75000e-002	5.70276e-003
1.75000e+000	5.25000e-002	5.82806e-003
1.75000e+000	5.75000e-002	5.93020e-003
1.75000e+000	6.25000e-002	6.00778e-003
1.75000e+000	6.75000e-002	6.05969e-003
1.75000e+000	7.25000e-002	6.08518e-003
1.75000e+000	7.75000e-002	6.08402e-003
1.75000e+000	8.25000e-002	6.05670e-003
1.75000e+000	8.75000e-002	6.00449e-003
1.75000e+000	9.25000e-002	5.92949e-003
1.75000e+000	9.75000e-002	5.83449e-003
1.75000e+000	1.02500e-001	5.72279e-003
1.75000e+000	1.07500e-001	5.59798e-003
1.75000e+000	1.12500e-001	5.46391e-003
1.75000e+000	1.17500e-001	5.32462e-003
1.75000e+000	1.22500e-001	5.18416e-003
1.75000e+000	1.27500e-001	5.04640e-003
1.75000e+000	1.32500e-001	4.91473e-003
1.75000e+000	1.37500e-001	4.79189e-003
1.75000e+000	1.42500e-001	4.67981e-003
1.75000e+000	1.47500e-001	4.57956e-003
1.75000e+000	1.52500e-001	4.49131e-003
1.75000e+000	1.57500e-001	4.41426e-003
1.75000e+000	1.62500e-001	4.34642e-003
1.75000e+000	1.67500e-001	4.28427e-003
1.75000e+000	1.72500e-001	4.22184e-003
1.75000e+000	1.77500e-001	4.14884e-003
1.75000e+000	1.82500e-001	4.04567e-003
1.75000e+000	1.87500e-001	3.86772e-003
1.75000e+000	1.92500e-001	3.48197e-003
1.75000e+000	1.97500e-001	8.05459e-004

2.25000e+000	0.00000e+000	8.14890e-004
2.25000e+000	2.50000e-003	3.57846e-003
2.25000e+000	7.50000e-003	4.70243e-003
2.25000e+000	1.25000e-002	5.37592e-003
2.25000e+000	1.75000e-002	5.83613e-003
2.25000e+000	2.25000e-002	6.16573e-003
2.25000e+000	2.75000e-002	6.40468e-003
2.25000e+000	3.25000e-002	6.57477e-003
2.25000e+000	3.75000e-002	6.68905e-003
2.25000e+000	4.25000e-002	6.75591e-003
2.25000e+000	4.75000e-002	6.78112e-003
2.25000e+000	5.25000e-002	6.76889e-003
2.25000e+000	5.75000e-002	6.72251e-003
2.25000e+000	6.25000e-002	6.64479e-003
2.25000e+000	6.75000e-002	6.53832e-003
2.25000e+000	7.25000e-002	6.40571e-003
2.25000e+000	7.75000e-002	6.24974e-003
2.25000e+000	8.25000e-002	6.07352e-003
2.25000e+000	8.75000e-002	5.87926e-003
2.25000e+000	9.25000e-002	5.66953e-003
2.25000e+000	9.75000e-002	5.44708e-003
2.25000e+000	1.02500e-001	5.21482e-003
2.25000e+000	1.07500e-001	4.97582e-003
2.25000e+000	1.12500e-001	4.73320e-003
2.25000e+000	1.17500e-001	4.49020e-003
2.25000e+000	1.22500e-001	4.25006e-003
2.25000e+000	1.27500e-001	4.01599e-003
2.25000e+000	1.32500e-001	3.79171e-003
2.25000e+000	1.37500e-001	3.58070e-003
2.25000e+000	1.42500e-001	3.38612e-003
2.25000e+000	1.47500e-001	3.21073e-003
2.25000e+000	1.52500e-001	3.05685e-003
2.25000e+000	1.57500e-001	2.92632e-003
2.25000e+000	1.62500e-001	2.82043e-003
2.25000e+000	1.67500e-001	2.73968e-003
2.25000e+000	1.72500e-001	2.68331e-003
2.25000e+000	1.77500e-001	2.64796e-003
2.25000e+000	1.82500e-001	2.62414e-003
2.25000e+000	1.87500e-001	2.58496e-003
2.25000e+000	1.92500e-001	2.42664e-003
2.25000e+000	1.97500e-001	1.20134e-004

2.75000e+000	0.00000e+000	8.07515e-004
2.75000e+000	2.50000e-003	3.57676e-003
2.75000e+000	7.50000e-003	3.80106e-003
2.75000e+000	1.25000e-002	4.02580e-003
2.75000e+000	1.75000e-002	4.32614e-003
2.75000e+000	2.25000e-002	4.73012e-003
2.75000e+000	2.75000e-002	5.25738e-003
2.75000e+000	3.25000e-002	5.91985e-003
2.75000e+000	3.75000e-002	6.72525e-003
2.75000e+000	4.25000e-002	7.67893e-003
2.75000e+000	4.75000e-002	8.78494e-003
2.75000e+000	5.25000e-002	1.00466e-002
2.75000e+000	5.75000e-002	1.14669e-002
2.75000e+000	6.25000e-002	1.30487e-002
2.75000e+000	6.75000e-002	1.47947e-002
2.75000e+000	7.25000e-002	1.67079e-002
2.75000e+000	7.75000e-002	1.87917e-002
2.75000e+000	8.25000e-002	1.60784e-002
2.75000e+000	8.75000e-002	1.33460e-002
2.75000e+000	9.25000e-002	1.05975e-002
2.75000e+000	9.75000e-002	7.83622e-003
2.75000e+000	1.02500e-001	5.06530e-003
2.75000e+000	1.07500e-001	2.28791e-003
2.75000e+000	1.12500e-001	-4.92805e-004
2.75000e+000	1.17500e-001	-3.27368e-003
2.75000e+000	1.22500e-001	-6.05155e-003
2.75000e+000	1.27500e-001	-5.69967e-003
2.75000e+000	1.32500e-001	-5.32168e-003
2.75000e+000	1.37500e-001	-4.91533e-003
2.75000e+000	1.42500e-001	-4.47860e-003
2.75000e+000	1.47500e-001	-4.00974e-003
2.75000e+000	1.52500e-001	-3.50736e-003
2.75000e+000	1.57500e-001	-2.97056e-003
2.75000e+000	1.62500e-001	-2.39911e-003
2.75000e+000	1.67500e-001	-1.79382e-003
2.75000e+000	1.72500e-001	-1.15730e-003
2.75000e+000	1.77500e-001	-4.95711e-004
2.75000e+000	1.82500e-001	1.76734e-004
2.75000e+000	1.87500e-001	8.24148e-004
2.75000e+000	1.92500e-001	1.32113e-003
2.75000e+000	1.97500e-001	-3.38985e-004

3.25000e+000	0.00000e+000	1.13434e-003
3.25000e+000	2.50000e-003	4.61348e-003
3.25000e+000	7.50000e-003	7.36131e-003
3.25000e+000	1.25000e-002	9.73421e-003
3.25000e+000	1.75000e-002	1.17574e-002
3.25000e+000	2.25000e-002	1.34745e-002
3.25000e+000	2.75000e-002	1.49049e-002
3.25000e+000	3.25000e-002	1.60587e-002
3.25000e+000	3.75000e-002	1.69417e-002
3.25000e+000	4.25000e-002	1.75571e-002
3.25000e+000	4.75000e-002	1.79062e-002
3.25000e+000	5.25000e-002	1.79889e-002
3.25000e+000	5.75000e-002	1.78045e-002
3.25000e+000	6.25000e-002	1.73511e-002
3.25000e+000	6.75000e-002	1.66267e-002
3.25000e+000	7.25000e-002	1.56286e-002
3.25000e+000	7.75000e-002	1.43520e-002
3.25000e+000	8.25000e-002	1.23172e-002
3.25000e+000	8.75000e-002	9.82117e-003
3.25000e+000	9.25000e-002	7.04343e-003
3.25000e+000	9.75000e-002	4.16589e-003
3.25000e+000	1.02500e-001	1.37215e-003
3.25000e+000	1.07500e-001	-1.15311e-003
3.25000e+000	1.12500e-001	-3.22459e-003
3.25000e+000	1.17500e-001	-4.65695e-003
3.25000e+000	1.22500e-001	-5.26451e-003
3.25000e+000	1.27500e-001	-4.66118e-003
3.25000e+000	1.32500e-001	-4.05303e-003
3.25000e+000	1.37500e-001	-3.43979e-003
3.25000e+000	1.42500e-001	-2.82113e-003
3.25000e+000	1.47500e-001	-2.19681e-003
3.25000e+000	1.52500e-001	-1.56669e-003
3.25000e+000	1.57500e-001	-9.30803e-004
3.25000e+000	1.62500e-001	-2.89406e-004
3.25000e+000	1.67500e-001	3.56858e-004
3.25000e+000	1.72500e-001	1.00673e-003
3.25000e+000	1.77500e-001	1.65782e-003
3.25000e+000	1.82500e-001	2.30517e-003
3.25000e+000	1.87500e-001	2.93591e-003
3.25000e+000	1.92500e-001	3.50357e-003
3.25000e+000	1.97500e-001	5.98273e-004

3.75000e+000	0.00000e+000	6.57018e-004
3.75000e+000	2.50000e-003	3.20532e-003
3.75000e+000	7.50000e-003	7.35656e-003
3.75000e+000	1.25000e-002	1.07560e-002
3.75000e+000	1.75000e-002	1.35642e-002
3.75000e+000	2.25000e-002	1.58767e-002
3.75000e+000	2.75000e-002	1.77206e-002
3.75000e+000	3.25000e-002	1.90985e-002
3.75000e+000	3.75000e-002	1.99995e-002
3.75000e+000	4.25000e-002	2.04036e-002
3.75000e+000	4.75000e-002	2.02812e-002
3.75000e+000	5.25000e-002	1.95924e-002
3.75000e+000	5.75000e-002	1.82836e-002
3.75000e+000	6.25000e-002	1.62817e-002
3.75000e+000	6.75000e-002	1.34848e-002
3.75000e+000	7.25000e-002	4.77471e-003
3.75000e+000	7.75000e-002	-6.00571e-003
3.75000e+000	8.25000e-002	-6.70546e-003
3.75000e+000	8.75000e-002	-7.11719e-003
3.75000e+000	9.25000e-002	-7.21745e-003
3.75000e+000	9.75000e-002	-6.98329e-003
3.75000e+000	1.02500e-001	-6.39202e-003
3.75000e+000	1.07500e-001	-5.42099e-003
3.75000e+000	1.12500e-001	-4.04740e-003
3.75000e+000	1.17500e-001	8.75309e-004
3.75000e+000	1.22500e-001	6.26381e-003
3.75000e+000	1.27500e-001	6.36640e-003
3.75000e+000	1.32500e-001	6.46921e-003
3.75000e+000	1.37500e-001	6.56141e-003
3.75000e+000	1.42500e-001	6.64156e-003
3.75000e+000	1.47500e-001	6.70839e-003
3.75000e+000	1.52500e-001	6.76068e-003
3.75000e+000	1.57500e-001	6.79710e-003
3.75000e+000	1.62500e-001	6.81606e-003
3.75000e+000	1.67500e-001	6.81539e-003
3.75000e+000	1.72500e-001	6.79169e-003
3.75000e+000	1.77500e-001	6.73881e-003
3.75000e+000	1.82500e-001	6.64320e-003
3.75000e+000	1.87500e-001	6.46332e-003
3.75000e+000	1.92500e-001	5.99563e-003
3.75000e+000	1.97500e-001	1.45386e-003

4.25000e+000	0.00000e+000	2.45275e-003
4.25000e+000	2.50000e-003	9.56504e-003
4.25000e+000	7.50000e-003	9.11797e-003
4.25000e+000	1.25000e-002	8.99401e-003
4.25000e+000	1.75000e-002	9.02323e-003
4.25000e+000	2.25000e-002	9.11087e-003
4.25000e+000	2.75000e-002	9.19874e-003
4.25000e+000	3.25000e-002	9.23850e-003
4.25000e+000	3.75000e-002	9.18487e-003
4.25000e+000	4.25000e-002	8.99302e-003
4.25000e+000	4.75000e-002	8.61731e-003
4.25000e+000	5.25000e-002	8.01053e-003
4.25000e+000	5.75000e-002	7.12333e-003
4.25000e+000	6.25000e-002	5.90363e-003
4.25000e+000	6.75000e-002	4.29467e-003
4.25000e+000	7.25000e-002	1.75951e-003
4.25000e+000	7.75000e-002	-2.19837e-003
4.25000e+000	8.25000e-002	-4.23994e-003
4.25000e+000	8.75000e-002	-5.11531e-003
4.25000e+000	9.25000e-002	-4.99005e-003
4.25000e+000	9.75000e-002	-4.03301e-003
4.25000e+000	1.02500e-001	-2.41572e-003
4.25000e+000	1.07500e-001	-3.11844e-004
4.25000e+000	1.12500e-001	2.10338e-003
4.25000e+000	1.17500e-001	4.85491e-003
4.25000e+000	1.22500e-001	6.37769e-003
4.25000e+000	1.27500e-001	6.34043e-003
4.25000e+000	1.32500e-001	6.35546e-003
4.25000e+000	1.37500e-001	6.39024e-003
4.25000e+000	1.42500e-001	6.43913e-003
4.25000e+000	1.47500e-001	6.49752e-003
4.25000e+000	1.52500e-001	6.56131e-003
4.25000e+000	1.57500e-001	6.62655e-003
4.25000e+000	1.62500e-001	6.68920e-003
4.25000e+000	1.67500e-001	6.74468e-003
4.25000e+000	1.72500e-001	6.78728e-003
4.25000e+000	1.77500e-001	6.80888e-003
4.25000e+000	1.82500e-001	6.79555e-003
4.25000e+000	1.87500e-001	6.71392e-003
4.25000e+000	1.92500e-001	6.43504e-003
4.25000e+000	1.97500e-001	1.78840e-003

4.75000e+000	0.00000e+000	2.27032e-003
4.75000e+000	2.50000e-003	9.21434e-003
4.75000e+000	7.50000e-003	5.95110e-003
4.75000e+000	1.25000e-002	2.85270e-003
4.75000e+000	1.75000e-002	1.76757e-004
4.75000e+000	2.25000e-002	-2.09738e-003
4.75000e+000	2.75000e-002	-3.97778e-003
4.75000e+000	3.25000e-002	-5.46409e-003
4.75000e+000	3.75000e-002	-6.55089e-003
4.75000e+000	4.25000e-002	-7.22955e-003
4.75000e+000	4.75000e-002	-7.48971e-003
4.75000e+000	5.25000e-002	-7.32078e-003
4.75000e+000	5.75000e-002	-6.71449e-003
4.75000e+000	6.25000e-002	-5.66934e-003
4.75000e+000	6.75000e-002	-4.91007e-003
4.75000e+000	7.25000e-002	-1.93075e-003
4.75000e+000	7.75000e-002	4.89424e-003
4.75000e+000	8.25000e-002	6.19348e-003
4.75000e+000	8.75000e-002	7.25107e-003
4.75000e+000	9.25000e-002	8.04286e-003
4.75000e+000	9.75000e-002	8.54559e-003
4.75000e+000	1.02500e-001	8.73664e-003
4.75000e+000	1.07500e-001	8.59374e-003
4.75000e+000	1.12500e-001	8.09480e-003
4.75000e+000	1.17500e-001	7.69000e-003
4.75000e+000	1.22500e-001	6.40594e-003
4.75000e+000	1.27500e-001	6.33251e-003
4.75000e+000	1.32500e-001	6.24735e-003
4.75000e+000	1.37500e-001	6.17113e-003
4.75000e+000	1.42500e-001	6.10567e-003
4.75000e+000	1.47500e-001	6.05221e-003
4.75000e+000	1.52500e-001	6.01145e-003
4.75000e+000	1.57500e-001	5.98357e-003
4.75000e+000	1.62500e-001	5.96811e-003
4.75000e+000	1.67500e-001	5.96364e-003
4.75000e+000	1.72500e-001	5.96717e-003
4.75000e+000	1.77500e-001	5.97251e-003
4.75000e+000	1.82500e-001	5.96531e-003
4.75000e+000	1.87500e-001	5.89893e-003
4.75000e+000	1.92500e-001	5.59124e-003
4.75000e+000	1.97500e-001	1.34521e-003

5.25000e+000	0.00000e+000	2.50151e-003
5.25000e+000	2.50000e-003	1.01130e-002
5.25000e+000	7.50000e-003	1.03911e-002
5.25000e+000	1.25000e-002	9.88002e-003
5.25000e+000	1.75000e-002	9.07154e-003
5.25000e+000	2.25000e-002	8.07470e-003
5.25000e+000	2.75000e-002	6.94566e-003
5.25000e+000	3.25000e-002	5.72773e-003
5.25000e+000	3.75000e-002	4.46044e-003
5.25000e+000	4.25000e-002	3.18264e-003
5.25000e+000	4.75000e-002	1.93373e-003
5.25000e+000	5.25000e-002	7.54237e-004
5.25000e+000	5.75000e-002	-3.14104e-004
5.25000e+000	6.25000e-002	-1.22881e-003
5.25000e+000	6.75000e-002	-2.67470e-003
5.25000e+000	7.25000e-002	-2.32114e-003
5.25000e+000	7.75000e-002	1.09140e-003
5.25000e+000	8.25000e-002	3.24173e-003
5.25000e+000	8.75000e-002	4.87951e-003
5.25000e+000	9.25000e-002	6.04940e-003
5.25000e+000	9.75000e-002	6.79738e-003
5.25000e+000	1.02500e-001	7.17047e-003
5.25000e+000	1.07500e-001	7.21645e-003
5.25000e+000	1.12500e-001	6.98354e-003
5.25000e+000	1.17500e-001	6.94811e-003
5.25000e+000	1.22500e-001	6.34815e-003
5.25000e+000	1.27500e-001	4.34142e-003
5.25000e+000	1.32500e-001	2.52146e-003
5.25000e+000	1.37500e-001	9.47547e-004
5.25000e+000	1.42500e-001	-3.74559e-004
5.25000e+000	1.47500e-001	-1.44062e-003
5.25000e+000	1.52500e-001	-2.24718e-003
5.25000e+000	1.57500e-001	-2.79118e-003
5.25000e+000	1.62500e-001	-3.06963e-003
5.25000e+000	1.67500e-001	-3.07955e-003
5.25000e+000	1.72500e-001	-2.81813e-003
5.25000e+000	1.77500e-001	-2.28383e-003
5.25000e+000	1.82500e-001	-1.48135e-003
5.25000e+000	1.87500e-001	-4.51337e-004
5.25000e+000	1.92500e-001	6.32217e-004
5.25000e+000	1.97500e-001	-1.47784e-003

5.75000e+000	0.00000e+000	6.39590e-004
5.75000e+000	2.50000e-003	3.16792e-003
5.75000e+000	7.50000e-003	5.30430e-003
5.75000e+000	1.25000e-002	6.64805e-003
5.75000e+000	1.75000e-002	7.51932e-003
5.75000e+000	2.25000e-002	8.04228e-003
5.75000e+000	2.75000e-002	8.26814e-003
5.75000e+000	3.25000e-002	8.22469e-003
5.75000e+000	3.75000e-002	7.92944e-003
5.75000e+000	4.25000e-002	7.39450e-003
5.75000e+000	4.75000e-002	6.62880e-003
5.75000e+000	5.25000e-002	5.63925e-003
5.75000e+000	5.75000e-002	4.43141e-003
5.75000e+000	6.25000e-002	3.00983e-003
5.75000e+000	6.75000e-002	1.38298e-003
5.75000e+000	7.25000e-002	-5.42294e-003
5.75000e+000	7.75000e-002	-1.26412e-002
5.75000e+000	8.25000e-002	-1.03169e-002
5.75000e+000	8.75000e-002	-7.99652e-003
5.75000e+000	9.25000e-002	-5.67749e-003
5.75000e+000	9.75000e-002	-3.35718e-003
5.75000e+000	1.02500e-001	-1.03309e-003
5.75000e+000	1.07500e-001	1.29727e-003
5.75000e+000	1.12500e-001	3.63644e-003
5.75000e+000	1.17500e-001	9.08086e-003
5.75000e+000	1.22500e-001	1.45601e-002
5.75000e+000	1.27500e-001	1.38888e-002
5.75000e+000	1.32500e-001	1.32158e-002
5.75000e+000	1.37500e-001	1.25439e-002
5.75000e+000	1.42500e-001	1.18758e-002
5.75000e+000	1.47500e-001	1.12147e-002
5.75000e+000	1.52500e-001	1.05636e-002
5.75000e+000	1.57500e-001	9.92564e-003
5.75000e+000	1.62500e-001	9.30409e-003
5.75000e+000	1.67500e-001	8.70189e-003
5.75000e+000	1.72500e-001	8.12137e-003
5.75000e+000	1.77500e-001	7.56283e-003
5.75000e+000	1.82500e-001	7.01972e-003
5.75000e+000	1.87500e-001	6.45486e-003
5.75000e+000	1.92500e-001	5.63648e-003
5.75000e+000	1.97500e-001	1.05720e-003

6.25000e+000	0.00000e+000	2.67691e-003
6.25000e+000	2.50000e-003	1.03679e-002
6.25000e+000	7.50000e-003	6.47107e-003
6.25000e+000	1.25000e-002	3.08425e-003
6.25000e+000	1.75000e-002	1.94745e-004
6.25000e+000	2.25000e-002	-2.29331e-003
6.25000e+000	2.75000e-002	-4.42013e-003
6.25000e+000	3.25000e-002	-6.20771e-003
6.25000e+000	3.75000e-002	-7.66937e-003
6.25000e+000	4.25000e-002	-8.81349e-003
6.25000e+000	4.75000e-002	-9.64537e-003
6.25000e+000	5.25000e-002	-1.01683e-002
6.25000e+000	5.75000e-002	-1.03840e-002
6.25000e+000	6.25000e-002	-1.02932e-002
6.25000e+000	6.75000e-002	-9.89577e-003
6.25000e+000	7.25000e-002	-9.11303e-003
6.25000e+000	7.75000e-002	-7.88096e-003
6.25000e+000	8.25000e-002	-6.29960e-003
6.25000e+000	8.75000e-002	-4.43674e-003
6.25000e+000	9.25000e-002	-2.34236e-003
6.25000e+000	9.75000e-002	-6.83274e-005
6.25000e+000	1.02500e-001	2.33175e-003
6.25000e+000	1.07500e-001	4.80279e-003
6.25000e+000	1.12500e-001	7.28852e-003
6.25000e+000	1.17500e-001	9.74053e-003
6.25000e+000	1.22500e-001	1.20432e-002
6.25000e+000	1.27500e-001	1.40648e-002
6.25000e+000	1.32500e-001	1.58080e-002
6.25000e+000	1.37500e-001	1.72757e-002
6.25000e+000	1.42500e-001	1.84702e-002
6.25000e+000	1.47500e-001	1.93941e-002
6.25000e+000	1.52500e-001	2.00494e-002
6.25000e+000	1.57500e-001	2.04380e-002
6.25000e+000	1.62500e-001	2.05617e-002
6.25000e+000	1.67500e-001	2.04218e-002
6.25000e+000	1.72500e-001	2.00192e-002
6.25000e+000	1.77500e-001	1.93548e-002
6.25000e+000	1.82500e-001	1.84298e-002
6.25000e+000	1.87500e-001	1.72485e-002
6.25000e+000	1.92500e-001	1.57113e-002
6.25000e+000	1.97500e-001	5.54103e-003

6.75000e+000	0.00000e+000	1.22434e-003
6.75000e+000	2.50000e-003	5.05087e-003
6.75000e+000	7.50000e-003	4.72110e-003
6.75000e+000	1.25000e-002	4.33669e-003
6.75000e+000	1.75000e-002	4.02951e-003
6.75000e+000	2.25000e-002	3.79334e-003
6.75000e+000	2.75000e-002	3.62136e-003
6.75000e+000	3.25000e-002	3.50768e-003
6.75000e+000	3.75000e-002	3.44704e-003
6.75000e+000	4.25000e-002	3.43468e-003
6.75000e+000	4.75000e-002	3.46615e-003
6.75000e+000	5.25000e-002	3.53720e-003
6.75000e+000	5.75000e-002	3.64377e-003
6.75000e+000	6.25000e-002	3.78189e-003
6.75000e+000	6.75000e-002	3.94769e-003
6.75000e+000	7.25000e-002	4.13736e-003
6.75000e+000	7.75000e-002	4.34715e-003
6.75000e+000	8.25000e-002	4.57341e-003
6.75000e+000	8.75000e-002	4.81274e-003
6.75000e+000	9.25000e-002	5.06198e-003
6.75000e+000	9.75000e-002	5.31823e-003
6.75000e+000	1.02500e-001	5.57875e-003
6.75000e+000	1.07500e-001	5.84093e-003
6.75000e+000	1.12500e-001	6.10220e-003
6.75000e+000	1.17500e-001	6.35995e-003
6.75000e+000	1.22500e-001	6.61142e-003
6.75000e+000	1.27500e-001	6.85367e-003
6.75000e+000	1.32500e-001	7.08363e-003
6.75000e+000	1.37500e-001	7.29804e-003
6.75000e+000	1.42500e-001	7.49352e-003
6.75000e+000	1.47500e-001	7.66653e-003
6.75000e+000	1.52500e-001	7.81333e-003
6.75000e+000	1.57500e-001	7.92992e-003
6.75000e+000	1.62500e-001	8.01203e-003
6.75000e+000	1.67500e-001	8.05489e-003
6.75000e+000	1.72500e-001	8.05312e-003
6.75000e+000	1.77500e-001	8.00039e-003
6.75000e+000	1.82500e-001	7.88896e-003
6.75000e+000	1.87500e-001	7.70986e-003
6.75000e+000	1.92500e-001	7.40641e-003
6.75000e+000	1.97500e-001	2.38642e-003

7.25000e+000	0.00000e+000	1.08957e-003
7.25000e+000	2.50000e-003	4.53708e-003
7.25000e+000	7.50000e-003	4.41831e-003
7.25000e+000	1.25000e-002	4.29524e-003
7.25000e+000	1.75000e-002	4.20644e-003
7.25000e+000	2.25000e-002	4.15291e-003
7.25000e+000	2.75000e-002	4.12858e-003
7.25000e+000	3.25000e-002	4.12890e-003
7.25000e+000	3.75000e-002	4.15040e-003
7.25000e+000	4.25000e-002	4.19029e-003
7.25000e+000	4.75000e-002	4.24619e-003
7.25000e+000	5.25000e-002	4.31601e-003
7.25000e+000	5.75000e-002	4.39791e-003
7.25000e+000	6.25000e-002	4.49021e-003
7.25000e+000	6.75000e-002	4.59136e-003
7.25000e+000	7.25000e-002	4.69996e-003
7.25000e+000	7.75000e-002	4.81467e-003
7.25000e+000	8.25000e-002	4.93425e-003
7.25000e+000	8.75000e-002	5.05751e-003
7.25000e+000	9.25000e-002	5.18334e-003
7.25000e+000	9.75000e-002	5.31062e-003
7.25000e+000	1.02500e-001	5.43829e-003
7.25000e+000	1.07500e-001	5.56527e-003
7.25000e+000	1.12500e-001	5.69046e-003
7.25000e+000	1.17500e-001	5.81276e-003
7.25000e+000	1.22500e-001	5.93098e-003
7.25000e+000	1.27500e-001	6.04388e-003
7.25000e+000	1.32500e-001	6.15013e-003
7.25000e+000	1.37500e-001	6.24826e-003
7.25000e+000	1.42500e-001	6.33663e-003
7.25000e+000	1.47500e-001	6.41341e-003
7.25000e+000	1.52500e-001	6.47650e-003
7.25000e+000	1.57500e-001	6.52337e-003
7.25000e+000	1.62500e-001	6.55099e-003
7.25000e+000	1.67500e-001	6.55549e-003
7.25000e+000	1.72500e-001	6.53164e-003
7.25000e+000	1.77500e-001	6.47169e-003
7.25000e+000	1.82500e-001	6.36200e-003
7.25000e+000	1.87500e-001	6.16764e-003
7.25000e+000	1.92500e-001	5.77182e-003
7.25000e+000	1.97500e-001	1.70542e-003

7.75000e+000	0.00000e+000	9.81034e-004
7.75000e+000	2.50000e-003	4.19987e-003
7.75000e+000	7.50000e-003	4.35502e-003
7.75000e+000	1.25000e-002	4.35578e-003
7.75000e+000	1.75000e-002	4.33196e-003
7.75000e+000	2.25000e-002	4.32158e-003
7.75000e+000	2.75000e-002	4.32684e-003
7.75000e+000	3.25000e-002	4.34626e-003
7.75000e+000	3.75000e-002	4.37816e-003
7.75000e+000	4.25000e-002	4.42104e-003
7.75000e+000	4.75000e-002	4.47361e-003
7.75000e+000	5.25000e-002	4.53465e-003
7.75000e+000	5.75000e-002	4.60309e-003
7.75000e+000	6.25000e-002	4.67788e-003
7.75000e+000	6.75000e-002	4.75807e-003
7.75000e+000	7.25000e-002	4.84273e-003
7.75000e+000	7.75000e-002	4.93098e-003
7.75000e+000	8.25000e-002	5.02198e-003
7.75000e+000	8.75000e-002	5.11492e-003
7.75000e+000	9.25000e-002	5.20897e-003
7.75000e+000	9.75000e-002	5.30336e-003
7.75000e+000	1.02500e-001	5.39727e-003
7.75000e+000	1.07500e-001	5.48987e-003
7.75000e+000	1.12500e-001	5.58032e-003
7.75000e+000	1.17500e-001	5.66772e-003
7.75000e+000	1.22500e-001	5.75112e-003
7.75000e+000	1.27500e-001	5.82947e-003
7.75000e+000	1.32500e-001	5.90162e-003
7.75000e+000	1.37500e-001	5.96629e-003
7.75000e+000	1.42500e-001	6.02200e-003
7.75000e+000	1.47500e-001	6.06706e-003
7.75000e+000	1.52500e-001	6.09943e-003
7.75000e+000	1.57500e-001	6.11661e-003
7.75000e+000	1.62500e-001	6.11543e-003
7.75000e+000	1.67500e-001	6.09160e-003
7.75000e+000	1.72500e-001	6.03897e-003
7.75000e+000	1.77500e-001	5.94751e-003
7.75000e+000	1.82500e-001	5.79763e-003
7.75000e+000	1.87500e-001	5.53368e-003
7.75000e+000	1.92500e-001	4.99528e-003
7.75000e+000	1.97500e-001	1.35767e-003

8.25000e+000	0.00000e+000	9.09026e-004
8.25000e+000	2.50000e-003	3.96316e-003
8.25000e+000	7.50000e-003	4.28391e-003
8.25000e+000	1.25000e-002	4.37240e-003
8.25000e+000	1.75000e-002	4.39755e-003
8.25000e+000	2.25000e-002	4.41709e-003
8.25000e+000	2.75000e-002	4.44243e-003
8.25000e+000	3.25000e-002	4.47539e-003
8.25000e+000	3.75000e-002	4.51568e-003
8.25000e+000	4.25000e-002	4.56260e-003
8.25000e+000	4.75000e-002	4.61546e-003
8.25000e+000	5.25000e-002	4.67362e-003
8.25000e+000	5.75000e-002	4.73647e-003
8.25000e+000	6.25000e-002	4.80341e-003
8.25000e+000	6.75000e-002	4.87386e-003
8.25000e+000	7.25000e-002	4.94719e-003
8.25000e+000	7.75000e-002	5.02281e-003
8.25000e+000	8.25000e-002	5.10007e-003
8.25000e+000	8.75000e-002	5.17832e-003
8.25000e+000	9.25000e-002	5.25689e-003
8.25000e+000	9.75000e-002	5.33509e-003
8.25000e+000	1.02500e-001	5.41219e-003
8.25000e+000	1.07500e-001	5.48744e-003
8.25000e+000	1.12500e-001	5.56003e-003
8.25000e+000	1.17500e-001	5.62909e-003
8.25000e+000	1.22500e-001	5.69371e-003
8.25000e+000	1.27500e-001	5.75284e-003
8.25000e+000	1.32500e-001	5.80537e-003
8.25000e+000	1.37500e-001	5.85001e-003
8.25000e+000	1.42500e-001	5.88529e-003
8.25000e+000	1.47500e-001	5.90949e-003
8.25000e+000	1.52500e-001	5.92052e-003
8.25000e+000	1.57500e-001	5.91576e-003
8.25000e+000	1.62500e-001	5.89176e-003
8.25000e+000	1.67500e-001	5.84367e-003
8.25000e+000	1.72500e-001	5.76417e-003
8.25000e+000	1.77500e-001	5.64085e-003
8.25000e+000	1.82500e-001	5.44911e-003
8.25000e+000	1.87500e-001	5.12598e-003
8.25000e+000	1.92500e-001	4.50464e-003
8.25000e+000	1.97500e-001	1.14620e-003

8.75000e+000	0.00000e+000	8.63860e-004
8.75000e+000	2.50000e-003	3.79682e-003
8.75000e+000	7.50000e-003	4.16581e-003
8.75000e+000	1.25000e-002	4.31502e-003
8.75000e+000	1.75000e-002	4.39115e-003
8.75000e+000	2.25000e-002	4.44537e-003
8.75000e+000	2.75000e-002	4.49495e-003
8.75000e+000	3.25000e-002	4.54551e-003
8.75000e+000	3.75000e-002	4.59867e-003
8.75000e+000	4.25000e-002	4.65469e-003
8.75000e+000	4.75000e-002	4.71341e-003
8.75000e+000	5.25000e-002	4.77453e-003
8.75000e+000	5.75000e-002	4.83777e-003
8.75000e+000	6.25000e-002	4.90280e-003
8.75000e+000	6.75000e-002	4.96932e-003
8.75000e+000	7.25000e-002	5.03696e-003
8.75000e+000	7.75000e-002	5.10535e-003
8.75000e+000	8.25000e-002	5.17407e-003
8.75000e+000	8.75000e-002	5.24264e-003
8.75000e+000	9.25000e-002	5.31056e-003
8.75000e+000	9.75000e-002	5.37726e-003
8.75000e+000	1.02500e-001	5.44214e-003
8.75000e+000	1.07500e-001	5.50453e-003
8.75000e+000	1.12500e-001	5.56371e-003
8.75000e+000	1.17500e-001	5.61891e-003
8.75000e+000	1.22500e-001	5.66925e-003
8.75000e+000	1.27500e-001	5.71379e-003
8.75000e+000	1.32500e-001	5.75148e-003
8.75000e+000	1.37500e-001	5.78110e-003
8.75000e+000	1.42500e-001	5.80126e-003
8.75000e+000	1.47500e-001	5.81025e-003
8.75000e+000	1.52500e-001	5.80599e-003
8.75000e+000	1.57500e-001	5.78573e-003
8.75000e+000	1.62500e-001	5.74568e-003
8.75000e+000	1.67500e-001	5.68035e-003
8.75000e+000	1.72500e-001	5.58117e-003
8.75000e+000	1.77500e-001	5.43368e-003
8.75000e+000	1.82500e-001	5.21094e-003
8.75000e+000	1.87500e-001	4.85566e-003
8.75000e+000	1.92500e-001	4.21857e-003
8.75000e+000	1.97500e-001	1.05510e-003

9.25000e+000	0.00000e+000	8.32139e-004
9.25000e+000	2.50000e-003	3.67069e-003
9.25000e+000	7.50000e-003	4.11549e-003
9.25000e+000	1.25000e-002	4.35502e-003
9.25000e+000	1.75000e-002	4.51205e-003
9.25000e+000	2.25000e-002	4.62605e-003
9.25000e+000	2.75000e-002	4.71625e-003
9.25000e+000	3.25000e-002	4.79244e-003
9.25000e+000	3.75000e-002	4.85972e-003
9.25000e+000	4.25000e-002	4.92094e-003
9.25000e+000	4.75000e-002	4.97770e-003
9.25000e+000	5.25000e-002	5.03100e-003
9.25000e+000	5.75000e-002	5.08147e-003
9.25000e+000	6.25000e-002	5.12950e-003
9.25000e+000	6.75000e-002	5.17535e-003
9.25000e+000	7.25000e-002	5.21917e-003
9.25000e+000	7.75000e-002	5.26100e-003
9.25000e+000	8.25000e-002	5.30083e-003
9.25000e+000	8.75000e-002	5.33858e-003
9.25000e+000	9.25000e-002	5.37411e-003
9.25000e+000	9.75000e-002	5.40721e-003
9.25000e+000	1.02500e-001	5.43764e-003
9.25000e+000	1.07500e-001	5.46506e-003
9.25000e+000	1.12500e-001	5.48912e-003
9.25000e+000	1.17500e-001	5.50937e-003
9.25000e+000	1.22500e-001	5.52531e-003
9.25000e+000	1.27500e-001	5.53634e-003
9.25000e+000	1.32500e-001	5.54175e-003
9.25000e+000	1.37500e-001	5.54071e-003
9.25000e+000	1.42500e-001	5.53215e-003
9.25000e+000	1.47500e-001	5.51473e-003
9.25000e+000	1.52500e-001	5.48667e-003
9.25000e+000	1.57500e-001	5.44550e-003
9.25000e+000	1.62500e-001	5.38764e-003
9.25000e+000	1.67500e-001	5.30772e-003
9.25000e+000	1.72500e-001	5.19730e-003
9.25000e+000	1.77500e-001	5.04254e-003
9.25000e+000	1.82500e-001	4.81941e-003
9.25000e+000	1.87500e-001	4.48252e-003
9.25000e+000	1.92500e-001	3.90048e-003
9.25000e+000	1.97500e-001	9.36232e-004

9.75000e+000	0.00000e+000	7.93750e-004
9.75000e+000	2.50000e-003	3.53787e-003
9.75000e+000	7.50000e-003	4.09597e-003
9.75000e+000	1.25000e-002	4.42030e-003
9.75000e+000	1.75000e-002	4.64155e-003
9.75000e+000	2.25000e-002	4.80276e-003
9.75000e+000	2.75000e-002	4.92543e-003
9.75000e+000	3.25000e-002	5.02187e-003
9.75000e+000	3.75000e-002	5.09965e-003
9.75000e+000	4.25000e-002	5.16365e-003
9.75000e+000	4.75000e-002	5.21709e-003
9.75000e+000	5.25000e-002	5.26214e-003
9.75000e+000	5.75000e-002	5.30034e-003
9.75000e+000	6.25000e-002	5.33275e-003
9.75000e+000	6.75000e-002	5.36014e-003
9.75000e+000	7.25000e-002	5.38308e-003
9.75000e+000	7.75000e-002	5.40195e-003
9.75000e+000	8.25000e-002	5.41707e-003
9.75000e+000	8.75000e-002	5.42863e-003
9.75000e+000	9.25000e-002	5.43677e-003
9.75000e+000	9.75000e-002	5.44155e-003
9.75000e+000	1.02500e-001	5.44298e-003
9.75000e+000	1.07500e-001	5.44103e-003
9.75000e+000	1.12500e-001	5.43560e-003
9.75000e+000	1.17500e-001	5.42651e-003
9.75000e+000	1.22500e-001	5.41354e-003
9.75000e+000	1.27500e-001	5.39636e-003
9.75000e+000	1.32500e-001	5.37453e-003
9.75000e+000	1.37500e-001	5.34746e-003
9.75000e+000	1.42500e-001	5.31433e-003
9.75000e+000	1.47500e-001	5.27402e-003
9.75000e+000	1.52500e-001	5.22494e-003
9.75000e+000	1.57500e-001	5.16481e-003
9.75000e+000	1.62500e-001	5.09025e-003
9.75000e+000	1.67500e-001	4.99616e-003
9.75000e+000	1.72500e-001	4.87462e-003
9.75000e+000	1.77500e-001	4.71290e-003
9.75000e+000	1.82500e-001	4.48899e-003
9.75000e+000	1.87500e-001	4.15957e-003
9.75000e+000	1.92500e-001	3.59315e-003
9.75000e+000	1.97500e-001	8.06290e-004

