0.00000e+000	0.00000e+000	0.00000e+000
0.00000e+000	2.50000e-003	5.90073e+000
0.00000e+000	7.50000e-003	6.90452e+000
0.00000e+000	1.25000e-002	7.42776e+000
0.00000e+000	1.75000e-002	7.79389e+000
0.00000e+000	2.25000e-002	8.07908e+000
0.00000e+000	2.75000e-002	8.31428e+000
0.00000e+000	3.25000e-002	8.51529e+000
0.00000e+000	3.75000e-002	8.69133e+000
0.00000e+000	4.25000e-002	8.84830e+000
0.00000e+000	4.75000e-002	8.99016e+000
0.00000e+000	5.25000e-002	9.11975e+000
0.00000e+000	5.75000e-002	9.23916e+000
0.00000e+000	6.25000e-002	9.34998e+000
0.00000e+000	6.75000e-002	9.45345e+000
0.00000e+000	7.25000e-002	9.55055e+000
0.00000e+000	7.75000e-002	9.64207e+000
0.00000e+000	8.25000e-002	9.72866e+000
0.00000e+000	8.75000e-002	9.81086e+000
0.00000e+000	9.25000e-002	9.88913e+000
0.00000e+000	9.75000e-002	9.96386e+000
0.00000e+000	1.02500e-001	9.96386e+000
0.00000e+000	1.07500e-001	9.88913e+000
0.00000e+000	1.12500e-001	9.81086e+000
0.00000e+000	1.17500e-001	9.72866e+000
0.00000e+000	1.22500e-001	9.64207e+000
0.00000e+000	1.27500e-001	9.55055e+000
0.00000e+000	1.32500e-001	9.45345e+000
0.00000e+000	1.37500e-001	9.34998e+000
0.00000e+000	1.42500e-001	9.23916e+000
0.00000e+000	1.47500e-001	9.11975e+000
0.00000e+000	1.52500e-001	8.99016e+000
0.00000e+000	1.57500e-001	8.84830e+000
0.00000e+000	1.62500e-001	8.69133e+000
0.00000e+000	1.67500e-001	8.51529e+000
0.00000e+000	1.72500e-001	8.31428e+000
0.00000e+000	1.77500e-001	8.07908e+000
0.00000e+000	1.82500e-001	7.79389e+000
0.00000e+000	1.87500e-001	7.42776e+000
0.00000e+000	1.92500e-001	6.90452e+000
0.00000e+000	1.97500e-001	5.90073e+000
0.00000e+000	2.00000e-001	0.00000e+000

5.00000e-001	0.00000e+000	0.00000e+000
5.00000e-001	2.50000e-003	6.51049e+000
5.00000e-001	7.50000e-003	6.99831e+000
5.00000e-001	1.25000e-002	7.40799e+000
5.00000e-001	1.75000e-002	7.74257e+000
5.00000e-001	2.25000e-002	8.01980e+000
5.00000e-001	2.75000e-002	8.25607e+000
5.00000e-001	3.25000e-002	8.46162e+000
5.00000e-001	3.75000e-002	8.64336e+000
5.00000e-001	4.25000e-002	8.80615e+000
5.00000e-001	4.75000e-002	8.95351e+000
5.00000e-001	5.25000e-002	9.08808e+000
5.00000e-001	5.75000e-002	9.21185e+000
5.00000e-001	6.25000e-002	9.32631e+000
5.00000e-001	6.75000e-002	9.43253e+000
5.00000e-001	7.25000e-002	9.53119e+000
5.00000e-001	7.75000e-002	9.62244e+000
5.00000e-001	8.25000e-002	9.70574e+000
5.00000e-001	8.75000e-002	9.77927e+000
5.00000e-001	9.25000e-002	9.83897e+000
5.00000e-001	9.75000e-002	9.87659e+000
5.00000e-001	1.02500e-001	9.87659e+000
5.00000e-001	1.07500e-001	9.83897e+000
5.00000e-001	1.12500e-001	9.77927e+000
5.00000e-001	1.17500e-001	9.70574e+000
5.00000e-001	1.22500e-001	9.62244e+000
5.00000e-001	1.27500e-001	9.53119e+000
5.00000e-001	1.32500e-001	9.43253e+000
5.00000e-001	1.37500e-001	9.32631e+000
5.00000e-001	1.42500e-001	9.21185e+000
5.00000e-001	1.47500e-001	9.08808e+000
5.00000e-001	1.52500e-001	8.95351e+000
5.00000e-001	1.57500e-001	8.80615e+000
5.00000e-001	1.62500e-001	8.64336e+000
5.00000e-001	1.67500e-001	8.46162e+000
5.00000e-001	1.72500e-001	8.25607e+000
5.00000e-001	1.77500e-001	8.01980e+000
5.00000e-001	1.82500e-001	7.74257e+000
5.00000e-001	1.87500e-001	7.40799e+000
5.00000e-001	1.92500e-001	6.99831e+000
5.00000e-001	1.97500e-001	6.51049e+000
5.00000e-001	2.00000e-001	0.00000e+000

1.00000e+000	0.00000e+000	0.00000e+000
1.00000e+000	2.50000e-003	6.60964e+000
1.00000e+000	7.50000e-003	7.11065e+000
1.00000e+000	1.25000e-002	7.55814e+000
1.00000e+000	1.75000e-002	7.84913e+000
1.00000e+000	2.25000e-002	8.08036e+000
1.00000e+000	2.75000e-002	8.28078e+000
1.00000e+000	3.25000e-002	8.46083e+000
1.00000e+000	3.75000e-002	8.62540e+000
1.00000e+000	4.25000e-002	8.77722e+000
1.00000e+000	4.75000e-002	8.91806e+000
1.00000e+000	5.25000e-002	9.04919e+000
1.00000e+000	5.75000e-002	9.17150e+000
1.00000e+000	6.25000e-002	9.28563e+000
1.00000e+000	6.75000e-002	9.39190e+000
1.00000e+000	7.25000e-002	9.49028e+000
1.00000e+000	7.75000e-002	9.58019e+000
1.00000e+000	8.25000e-002	9.66027e+000
1.00000e+000	8.75000e-002	9.72790e+000
1.00000e+000	9.25000e-002	9.77877e+000
1.00000e+000	9.75000e-002	9.80697e+000
1.00000e+000	1.02500e-001	9.80697e+000
1.00000e+000	1.07500e-001	9.77877e+000
1.00000e+000	1.12500e-001	9.72790e+000
1.00000e+000	1.17500e-001	9.66027e+000
1.00000e+000	1.22500e-001	9.58019e+000
1.00000e+000	1.27500e-001	9.49028e+000
1.00000e+000	1.32500e-001	9.39190e+000
1.00000e+000	1.37500e-001	9.28563e+000
1.00000e+000	1.42500e-001	9.17150e+000
1.00000e+000	1.47500e-001	9.04919e+000
1.00000e+000	1.52500e-001	8.91806e+000
1.00000e+000	1.57500e-001	8.77722e+000
1.00000e+000	1.62500e-001	8.62540e+000
1.00000e+000	1.67500e-001	8.46083e+000
1.00000e+000	1.72500e-001	8.28078e+000
1.00000e+000	1.77500e-001	8.08036e+000
1.00000e+000	1.82500e-001	7.84913e+000
1.00000e+000	1.87500e-001	7.55814e+000
1.00000e+000	1.92500e-001	7.11065e+000
1.00000e+000	1.97500e-001	6.60964e+000
1.00000e+000	2.00000e-001	0.00000e+000

1.50000e+000	0.00000e+000	0.00000e+000
1.50000e+000	2.50000e-003	6.72093e+000
1.50000e+000	7.50000e-003	7.21142e+000
1.50000e+000	1.25000e-002	7.66992e+000
1.50000e+000	1.75000e-002	7.94626e+000
1.50000e+000	2.25000e-002	8.15468e+000
1.50000e+000	2.75000e-002	8.33135e+000
1.50000e+000	3.25000e-002	8.48955e+000
1.50000e+000	3.75000e-002	8.63516e+000
1.50000e+000	4.25000e-002	8.77111e+000
1.50000e+000	4.75000e-002	8.89902e+000
1.50000e+000	5.25000e-002	9.01976e+000
1.50000e+000	5.75000e-002	9.13380e+000
1.50000e+000	6.25000e-002	9.24131e+000
1.50000e+000	6.75000e-002	9.34213e+000
1.50000e+000	7.25000e-002	9.43575e+000
1.50000e+000	7.75000e-002	9.52114e+000
1.50000e+000	8.25000e-002	9.59653e+000
1.50000e+000	8.75000e-002	9.65907e+000
1.50000e+000	9.25000e-002	9.70479e+000
1.50000e+000	9.75000e-002	9.72924e+000
1.50000e+000	1.02500e-001	9.72924e+000
1.50000e+000	1.07500e-001	9.70478e+000
1.50000e+000	1.12500e-001	9.65906e+000
1.50000e+000	1.17500e-001	9.59652e+000
1.50000e+000	1.22500e-001	9.52113e+000
1.50000e+000	1.27500e-001	9.43574e+000
1.50000e+000	1.32500e-001	9.34212e+000
1.50000e+000	1.37500e-001	9.24130e+000
1.50000e+000	1.42500e-001	9.13379e+000
1.50000e+000	1.47500e-001	9.01975e+000
1.50000e+000	1.52500e-001	8.89900e+000
1.50000e+000	1.57500e-001	8.77110e+000
1.50000e+000	1.62500e-001	8.63514e+000
1.50000e+000	1.67500e-001	8.48954e+000
1.50000e+000	1.72500e-001	8.33134e+000
1.50000e+000	1.77500e-001	8.15466e+000
1.50000e+000	1.82500e-001	7.94624e+000
1.50000e+000	1.87500e-001	7.66991e+000
1.50000e+000	1.92500e-001	7.21141e+000
1.50000e+000	1.97500e-001	6.72092e+000
1.50000e+000	2.00000e-001	0.00000e+000

2.00000e+000	0.00000e+000	0.00000e+000
2.00000e+000	2.50000e-003	6.81870e+000
2.00000e+000	7.50000e-003	7.29907e+000
2.00000e+000	1.25000e-002	7.76109e+000
2.00000e+000	1.75000e-002	8.03008e+000
2.00000e+000	2.25000e-002	8.22528e+000
2.00000e+000	2.75000e-002	8.38660e+000
2.00000e+000	3.25000e-002	8.52900e+000
2.00000e+000	3.75000e-002	8.65924e+000
2.00000e+000	4.25000e-002	8.78075e+000
2.00000e+000	4.75000e-002	8.89533e+000
2.00000e+000	5.25000e-002	9.00394e+000
2.00000e+000	5.75000e-002	9.10702e+000
2.00000e+000	6.25000e-002	9.20461e+000
2.00000e+000	6.75000e-002	9.29640e+000
2.00000e+000	7.25000e-002	9.38169e+000
2.00000e+000	7.75000e-002	9.45926e+000
2.00000e+000	8.25000e-002	9.52721e+000
2.00000e+000	8.75000e-002	9.58281e+000
2.00000e+000	9.25000e-002	9.62270e+000
2.00000e+000	9.75000e-002	9.64364e+000
2.00000e+000	1.02500e-001	9.64361e+000
2.00000e+000	1.07500e-001	9.62263e+000
2.00000e+000	1.12500e-001	9.58270e+000
2.00000e+000	1.17500e-001	9.52707e+000
2.00000e+000	1.22500e-001	9.45910e+000
2.00000e+000	1.27500e-001	9.38152e+000
2.00000e+000	1.32500e-001	9.29622e+000
2.00000e+000	1.37500e-001	9.20443e+000
2.00000e+000	1.42500e-001	9.10684e+000
2.00000e+000	1.47500e-001	9.00376e+000
2.00000e+000	1.52500e-001	8.89515e+000
2.00000e+000	1.57500e-001	8.78057e+000
2.00000e+000	1.62500e-001	8.65906e+000
2.00000e+000	1.67500e-001	8.52882e+000
2.00000e+000	1.72500e-001	8.38642e+000
2.00000e+000	1.77500e-001	8.22510e+000
2.00000e+000	1.82500e-001	8.02989e+000
2.00000e+000	1.87500e-001	7.76090e+000
2.00000e+000	1.92500e-001	7.29889e+000
2.00000e+000	1.97500e-001	6.81855e+000
2.00000e+000	2.00000e-001	0.00000e+000

2.50000e+000	0.00000e+000	0.00000e+000
2.50000e+000	2.50000e-003	6.89889e+000
2.50000e+000	7.50000e-003	7.37111e+000
2.50000e+000	1.25000e-002	7.83675e+000
2.50000e+000	1.75000e-002	8.10231e+000
2.50000e+000	2.25000e-002	8.28918e+000
2.50000e+000	2.75000e-002	8.43991e+000
2.50000e+000	3.25000e-002	8.57072e+000
2.50000e+000	3.75000e-002	8.68902e+000
2.50000e+000	4.25000e-002	8.79859e+000
2.50000e+000	4.75000e-002	8.90147e+000
2.50000e+000	5.25000e-002	8.99873e+000
2.50000e+000	5.75000e-002	9.09087e+000
2.50000e+000	6.25000e-002	9.17793e+000
2.50000e+000	6.75000e-002	9.25956e+000
2.50000e+000	7.25000e-002	9.33500e+000
2.50000e+000	7.75000e-002	9.40302e+000
2.50000e+000	8.25000e-002	9.46181e+000
2.50000e+000	8.75000e-002	9.50903e+000
2.50000e+000	9.25000e-002	9.54220e+000
2.50000e+000	9.75000e-002	9.55919e+000
2.50000e+000	1.02500e-001	9.55889e+000
2.50000e+000	1.07500e-001	9.54131e+000
2.50000e+000	1.12500e-001	9.50764e+000
2.50000e+000	1.17500e-001	9.46002e+000
2.50000e+000	1.22500e-001	9.40096e+000
2.50000e+000	1.27500e-001	9.33275e+000
2.50000e+000	1.32500e-001	9.25719e+000
2.50000e+000	1.37500e-001	9.17549e+000
2.50000e+000	1.42500e-001	9.08840e+000
2.50000e+000	1.47500e-001	8.99624e+000
2.50000e+000	1.52500e-001	8.89896e+000
2.50000e+000	1.57500e-001	8.79608e+000
2.50000e+000	1.62500e-001	8.68650e+000
2.50000e+000	1.67500e-001	8.56819e+000
2.50000e+000	1.72500e-001	8.43736e+000
2.50000e+000	1.77500e-001	8.28658e+000
2.50000e+000	1.82500e-001	8.09962e+000
2.50000e+000	1.87500e-001	7.83382e+000
2.50000e+000	1.92500e-001	7.36802e+000
2.50000e+000	1.97500e-001	6.89633e+000
2.50000e+000	2.00000e-001	0.00000e+000

3.00000e+000	0.00000e+000	0.00000e+000
3.00000e+000	2.50000e-003	6.97356e+000
3.00000e+000	7.50000e-003	7.45412e+000
3.00000e+000	1.25000e-002	7.93353e+000
3.00000e+000	1.75000e-002	8.18976e+000
3.00000e+000	2.25000e-002	8.36443e+000
3.00000e+000	2.75000e-002	8.50361e+000
3.00000e+000	3.25000e-002	8.62356e+000
3.00000e+000	3.75000e-002	8.73152e+000
3.00000e+000	4.25000e-002	8.83113e+000
3.00000e+000	4.75000e-002	8.92433e+000
3.00000e+000	5.25000e-002	9.01209e+000
3.00000e+000	5.75000e-002	9.09476e+000
3.00000e+000	6.25000e-002	9.17222e+000
3.00000e+000	6.75000e-002	9.24388e+000
3.00000e+000	7.25000e-002	9.30863e+000
3.00000e+000	7.75000e-002	9.36473e+000
3.00000e+000	8.25000e-002	9.41127e+000
3.00000e+000	8.75000e-002	9.44700e+000
3.00000e+000	9.25000e-002	9.47065e+000
3.00000e+000	9.75000e-002	9.48125e+000
3.00000e+000	1.02500e-001	9.47833e+000
3.00000e+000	1.07500e-001	9.46192e+000
3.00000e+000	1.12500e-001	9.43258e+000
3.00000e+000	1.17500e-001	9.39142e+000
3.00000e+000	1.22500e-001	9.33990e+000
3.00000e+000	1.27500e-001	9.27957e+000
3.00000e+000	1.32500e-001	9.21200e+000
3.00000e+000	1.37500e-001	9.13837e+000
3.00000e+000	1.42500e-001	9.05943e+000
3.00000e+000	1.47500e-001	8.97558e+000
3.00000e+000	1.52500e-001	8.88681e+000
3.00000e+000	1.57500e-001	8.79269e+000
3.00000e+000	1.62500e-001	8.69222e+000
3.00000e+000	1.67500e-001	8.58344e+000
3.00000e+000	1.72500e-001	8.46273e+000
3.00000e+000	1.77500e-001	8.32287e+000
3.00000e+000	1.82500e-001	8.14773e+000
3.00000e+000	1.87500e-001	7.89175e+000
3.00000e+000	1.92500e-001	7.41234e+000
3.00000e+000	1.97500e-001	6.92795e+000
3.00000e+000	2.00000e-001	0.00000e+000

3.50000e+000	0.00000e+000	0.00000e+000
3.50000e+000	2.50000e-003	8.99124e+000
3.50000e+000	7.50000e-003	8.93752e+000
3.50000e+000	1.25000e-002	8.89103e+000
3.50000e+000	1.75000e-002	8.84968e+000
3.50000e+000	2.25000e-002	8.81017e+000
3.50000e+000	2.75000e-002	8.77142e+000
3.50000e+000	3.25000e-002	8.73292e+000
3.50000e+000	3.75000e-002	8.69436e+000
3.50000e+000	4.25000e-002	8.65554e+000
3.50000e+000	4.75000e-002	8.61633e+000
3.50000e+000	5.25000e-002	8.57662e+000
3.50000e+000	5.75000e-002	8.53634e+000
3.50000e+000	6.25000e-002	8.49541e+000
3.50000e+000	6.75000e-002	8.45379e+000
3.50000e+000	7.25000e-002	8.41144e+000
3.50000e+000	7.75000e-002	8.43135e+000
3.50000e+000	8.25000e-002	8.45187e+000
3.50000e+000	8.75000e-002	8.47361e+000
3.50000e+000	9.25000e-002	8.49650e+000
3.50000e+000	9.75000e-002	8.52045e+000
3.50000e+000	1.02500e-001	8.54540e+000
3.50000e+000	1.07500e-001	8.57131e+000
3.50000e+000	1.12500e-001	8.59814e+000
3.50000e+000	1.17500e-001	8.62584e+000
3.50000e+000	1.22500e-001	8.65571e+000
3.50000e+000	1.27500e-001	8.69882e+000
3.50000e+000	1.32500e-001	8.74101e+000
3.50000e+000	1.37500e-001	8.78229e+000
3.50000e+000	1.42500e-001	8.82272e+000
3.50000e+000	1.47500e-001	8.86236e+000
3.50000e+000	1.52500e-001	8.90125e+000
3.50000e+000	1.57500e-001	8.93948e+000
3.50000e+000	1.62500e-001	8.97714e+000
3.50000e+000	1.67500e-001	9.01435e+000
3.50000e+000	1.72500e-001	9.05130e+000
3.50000e+000	1.77500e-001	9.08824e+000
3.50000e+000	1.82500e-001	9.12564e+000
3.50000e+000	1.87500e-001	9.16439e+000
3.50000e+000	1.92500e-001	9.20733e+000
3.50000e+000	1.97500e-001	9.25529e+000
3.50000e+000	2.00000e-001	0.00000e+000

4.00000e+000	0.00000e+000	0.00000e+000
4.00000e+000	2.50000e-003	1.12692e+001
4.00000e+000	7.50000e-003	1.12517e+001
4.00000e+000	1.25000e-002	1.12338e+001
4.00000e+000	1.75000e-002	1.12186e+001
4.00000e+000	2.25000e-002	1.12048e+001
4.00000e+000	2.75000e-002	1.11921e+001
4.00000e+000	3.25000e-002	1.11802e+001
4.00000e+000	3.75000e-002	1.11689e+001
4.00000e+000	4.25000e-002	1.11583e+001
4.00000e+000	4.75000e-002	1.11483e+001
4.00000e+000	5.25000e-002	1.11388e+001
4.00000e+000	5.75000e-002	1.11299e+001
4.00000e+000	6.25000e-002	1.11215e+001
4.00000e+000	6.75000e-002	1.11137e+001
4.00000e+000	7.25000e-002	1.11062e+001
4.00000e+000	7.75000e-002	9.98130e-028
4.00000e+000	8.25000e-002	5.41442e-031
4.00000e+000	8.75000e-002	5.40094e-031
4.00000e+000	9.25000e-002	5.40181e-031
4.00000e+000	9.75000e-002	5.41681e-031
4.00000e+000	1.02500e-001	5.44431e-031
4.00000e+000	1.07500e-001	5.48621e-031
4.00000e+000	1.12500e-001	5.54283e-031
4.00000e+000	1.17500e-001	1.02899e-027
4.00000e+000	1.22500e-001	1.13472e+001
4.00000e+000	1.27500e-001	1.13548e+001
4.00000e+000	1.32500e-001	1.13628e+001
4.00000e+000	1.37500e-001	1.13713e+001
4.00000e+000	1.42500e-001	1.13804e+001
4.00000e+000	1.47500e-001	1.13901e+001
4.00000e+000	1.52500e-001	1.14003e+001
4.00000e+000	1.57500e-001	1.14111e+001
4.00000e+000	1.62500e-001	1.14224e+001
4.00000e+000	1.67500e-001	1.14345e+001
4.00000e+000	1.72500e-001	1.14472e+001
4.00000e+000	1.77500e-001	1.14608e+001
4.00000e+000	1.82500e-001	1.14754e+001
4.00000e+000	1.87500e-001	1.14915e+001
4.00000e+000	1.92500e-001	1.15105e+001
4.00000e+000	1.97500e-001	1.15294e+001
4.00000e+000	2.00000e-001	0.00000e+000

4.50000e+000	0.00000e+000	0.00000e+000
4.50000e+000	2.50000e-003	1.12230e+001
4.50000e+000	7.50000e-003	1.12475e+001
4.50000e+000	1.25000e-002	1.12447e+001
4.50000e+000	1.75000e-002	1.12369e+001
4.50000e+000	2.25000e-002	1.12272e+001
4.50000e+000	2.75000e-002	1.12161e+001
4.50000e+000	3.25000e-002	1.12040e+001
4.50000e+000	3.75000e-002	1.11910e+001
4.50000e+000	4.25000e-002	1.11769e+001
4.50000e+000	4.75000e-002	1.11617e+001
4.50000e+000	5.25000e-002	1.11454e+001
4.50000e+000	5.75000e-002	1.11275e+001
4.50000e+000	6.25000e-002	1.11080e+001
4.50000e+000	6.75000e-002	1.10865e+001
4.50000e+000	7.25000e-002	1.10394e+001
4.50000e+000	7.75000e-002	1.17036e-030
4.50000e+000	8.25000e-002	3.17529e-031
4.50000e+000	8.75000e-002	3.18551e-031
4.50000e+000	9.25000e-002	3.19529e-031
4.50000e+000	9.75000e-002	3.20463e-031
4.50000e+000	1.02500e-001	3.21353e-031
4.50000e+000	1.07500e-001	3.22199e-031
4.50000e+000	1.12500e-001	3.23001e-031
4.50000e+000	1.17500e-001	1.21570e-030
4.50000e+000	1.22500e-001	1.12851e+001
4.50000e+000	1.27500e-001	1.13300e+001
4.50000e+000	1.32500e-001	1.13507e+001
4.50000e+000	1.37500e-001	1.13696e+001
4.50000e+000	1.42500e-001	1.13870e+001
4.50000e+000	1.47500e-001	1.14031e+001
4.50000e+000	1.52500e-001	1.14181e+001
4.50000e+000	1.57500e-001	1.14322e+001
4.50000e+000	1.62500e-001	1.14453e+001
4.50000e+000	1.67500e-001	1.14577e+001
4.50000e+000	1.72500e-001	1.14692e+001
4.50000e+000	1.77500e-001	1.14798e+001
4.50000e+000	1.82500e-001	1.14892e+001
4.50000e+000	1.87500e-001	1.14969e+001
4.50000e+000	1.92500e-001	1.14998e+001
4.50000e+000	1.97500e-001	1.14760e+001
4.50000e+000	2.00000e-001	0.00000e+000

5.00000e+000	0.00000e+000	0.00000e+000
5.00000e+000	2.50000e-003	1.12056e+001
5.00000e+000	7.50000e-003	1.12845e+001
5.00000e+000	1.25000e-002	1.12963e+001
5.00000e+000	1.75000e-002	1.12914e+001
5.00000e+000	2.25000e-002	1.12802e+001
5.00000e+000	2.75000e-002	1.12647e+001
5.00000e+000	3.25000e-002	1.12458e+001
5.00000e+000	3.75000e-002	1.12237e+001
5.00000e+000	4.25000e-002	1.11982e+001
5.00000e+000	4.75000e-002	1.11692e+001
5.00000e+000	5.25000e-002	1.11360e+001
5.00000e+000	5.75000e-002	1.10980e+001
5.00000e+000	6.25000e-002	1.10540e+001
5.00000e+000	6.75000e-002	1.10024e+001
5.00000e+000	7.25000e-002	1.08860e+001
5.00000e+000	7.75000e-002	9.34638e-028
5.00000e+000	8.25000e-002	6.23622e-031
5.00000e+000	8.75000e-002	6.18975e-031
5.00000e+000	9.25000e-002	6.15960e-031
5.00000e+000	9.75000e-002	6.14449e-031
5.00000e+000	1.02500e-001	6.14387e-031
5.00000e+000	1.07500e-001	6.15870e-031
5.00000e+000	1.12500e-001	6.20597e-031
5.00000e+000	1.17500e-001	9.62019e-028
5.00000e+000	1.22500e-001	1.11416e+001
5.00000e+000	1.27500e-001	1.12489e+001
5.00000e+000	1.32500e-001	1.12967e+001
5.00000e+000	1.37500e-001	1.13379e+001
5.00000e+000	1.42500e-001	1.13739e+001
5.00000e+000	1.47500e-001	1.14056e+001
5.00000e+000	1.52500e-001	1.14336e+001
5.00000e+000	1.57500e-001	1.14585e+001
5.00000e+000	1.62500e-001	1.14804e+001
5.00000e+000	1.67500e-001	1.14996e+001
5.00000e+000	1.72500e-001	1.15161e+001
5.00000e+000	1.77500e-001	1.15295e+001
5.00000e+000	1.82500e-001	1.15393e+001
5.00000e+000	1.87500e-001	1.15430e+001
5.00000e+000	1.92500e-001	1.15310e+001
5.00000e+000	1.97500e-001	1.14540e+001
5.00000e+000	2.00000e-001	0.00000e+000

5.50000e+000	0.00000e+000	0.00000e+000
5.50000e+000	2.50000e-003	1.17378e+001
5.50000e+000	7.50000e-003	1.16040e+001
5.50000e+000	1.25000e-002	1.15025e+001
5.50000e+000	1.75000e-002	1.14199e+001
5.50000e+000	2.25000e-002	1.13459e+001
5.50000e+000	2.75000e-002	1.12769e+001
5.50000e+000	3.25000e-002	1.12113e+001
5.50000e+000	3.75000e-002	1.11482e+001
5.50000e+000	4.25000e-002	1.10870e+001
5.50000e+000	4.75000e-002	1.10272e+001
5.50000e+000	5.25000e-002	1.09687e+001
5.50000e+000	5.75000e-002	1.09111e+001
5.50000e+000	6.25000e-002	1.08544e+001
5.50000e+000	6.75000e-002	1.07984e+001
5.50000e+000	7.25000e-002	1.07427e+001
5.50000e+000	7.75000e-002	-1.05879e-022
5.50000e+000	8.25000e-002	0.00000e+000
5.50000e+000	8.75000e-002	0.00000e+000
5.50000e+000	9.25000e-002	-1.32349e-023
5.50000e+000	9.75000e-002	1.32349e-023
5.50000e+000	1.02500e-001	1.32349e-023
5.50000e+000	1.07500e-001	0.00000e+000
5.50000e+000	1.12500e-001	-1.32349e-023
5.50000e+000	1.17500e-001	0.00000e+000
5.50000e+000	1.22500e-001	1.09638e+001
5.50000e+000	1.27500e-001	1.10201e+001
5.50000e+000	1.32500e-001	1.10764e+001
5.50000e+000	1.37500e-001	1.11332e+001
5.50000e+000	1.42500e-001	1.11906e+001
5.50000e+000	1.47500e-001	1.12487e+001
5.50000e+000	1.52500e-001	1.13077e+001
5.50000e+000	1.57500e-001	1.13677e+001
5.50000e+000	1.62500e-001	1.14291e+001
5.50000e+000	1.67500e-001	1.14922e+001
5.50000e+000	1.72500e-001	1.15577e+001
5.50000e+000	1.77500e-001	1.16263e+001
5.50000e+000	1.82500e-001	1.16999e+001
5.50000e+000	1.87500e-001	1.17816e+001
5.50000e+000	1.92500e-001	1.18817e+001
5.50000e+000	1.97500e-001	1.20130e+001
5.50000e+000	2.00000e-001	0.00000e+000

6.00000e+000	0.00000e+000	0.00000e+000
6.00000e+000	2.50000e-003	8.96892e+000
6.00000e+000	7.50000e-003	8.92744e+000
6.00000e+000	1.25000e-002	8.89468e+000
6.00000e+000	1.75000e-002	8.86782e+000
6.00000e+000	2.25000e-002	8.84348e+000
6.00000e+000	2.75000e-002	8.82053e+000
6.00000e+000	3.25000e-002	8.79844e+000
6.00000e+000	3.75000e-002	8.77689e+000
6.00000e+000	4.25000e-002	8.75567e+000
6.00000e+000	4.75000e-002	8.73466e+000
6.00000e+000	5.25000e-002	8.71375e+000
6.00000e+000	5.75000e-002	8.69287e+000
6.00000e+000	6.25000e-002	8.67196e+000
6.00000e+000	6.75000e-002	8.65098e+000
6.00000e+000	7.25000e-002	8.62988e+000
6.00000e+000	7.75000e-002	8.60864e+000
6.00000e+000	8.25000e-002	8.59320e+000
6.00000e+000	8.75000e-002	8.58267e+000
6.00000e+000	9.25000e-002	8.57709e+000
6.00000e+000	9.75000e-002	8.57645e+000
6.00000e+000	1.02500e-001	8.58077e+000
6.00000e+000	1.07500e-001	8.59002e+000
6.00000e+000	1.12500e-001	8.60417e+000
6.00000e+000	1.17500e-001	8.62318e+000
6.00000e+000	1.22500e-001	8.64795e+000
6.00000e+000	1.27500e-001	8.67245e+000
6.00000e+000	1.32500e-001	8.69670e+000
6.00000e+000	1.37500e-001	8.72074e+000
6.00000e+000	1.42500e-001	8.74462e+000
6.00000e+000	1.47500e-001	8.76840e+000
6.00000e+000	1.52500e-001	8.79213e+000
6.00000e+000	1.57500e-001	8.81590e+000
6.00000e+000	1.62500e-001	8.83982e+000
6.00000e+000	1.67500e-001	8.86405e+000
6.00000e+000	1.72500e-001	8.88882e+000
6.00000e+000	1.77500e-001	8.91446e+000
6.00000e+000	1.82500e-001	8.94159e+000
6.00000e+000	1.87500e-001	8.97148e+000
6.00000e+000	1.92500e-001	9.00791e+000
6.00000e+000	1.97500e-001	9.05443e+000
6.00000e+000	2.00000e-001	0.00000e+000

6.50000e+000	0.00000e+000	0.00000e+000
6.50000e+000	2.50000e-003	8.72630e+000
6.50000e+000	7.50000e-003	8.75344e+000
6.50000e+000	1.25000e-002	8.75964e+000
6.50000e+000	1.75000e-002	8.76132e+000
6.50000e+000	2.25000e-002	8.76156e+000
6.50000e+000	2.75000e-002	8.76117e+000
6.50000e+000	3.25000e-002	8.76045e+000
6.50000e+000	3.75000e-002	8.75956e+000
6.50000e+000	4.25000e-002	8.75860e+000
6.50000e+000	4.75000e-002	8.75763e+000
6.50000e+000	5.25000e-002	8.75669e+000
6.50000e+000	5.75000e-002	8.75581e+000
6.50000e+000	6.25000e-002	8.75502e+000
6.50000e+000	6.75000e-002	8.75434e+000
6.50000e+000	7.25000e-002	8.75379e+000
6.50000e+000	7.75000e-002	8.75340e+000
6.50000e+000	8.25000e-002	8.75317e+000
6.50000e+000	8.75000e-002	8.75314e+000
6.50000e+000	9.25000e-002	8.75330e+000
6.50000e+000	9.75000e-002	8.75367e+000
6.50000e+000	1.02500e-001	8.75424e+000
6.50000e+000	1.07500e-001	8.75502e+000
6.50000e+000	1.12500e-001	8.75599e+000
6.50000e+000	1.17500e-001	8.75715e+000
6.50000e+000	1.22500e-001	8.75849e+000
6.50000e+000	1.27500e-001	8.75999e+000
6.50000e+000	1.32500e-001	8.76162e+000
6.50000e+000	1.37500e-001	8.76337e+000
6.50000e+000	1.42500e-001	8.76523e+000
6.50000e+000	1.47500e-001	8.76716e+000
6.50000e+000	1.52500e-001	8.76914e+000
6.50000e+000	1.57500e-001	8.77115e+000
6.50000e+000	1.62500e-001	8.77315e+000
6.50000e+000	1.67500e-001	8.77508e+000
6.50000e+000	1.72500e-001	8.77686e+000
6.50000e+000	1.77500e-001	8.77834e+000
6.50000e+000	1.82500e-001	8.77923e+000
6.50000e+000	1.87500e-001	8.77882e+000
6.50000e+000	1.92500e-001	8.77424e+000
6.50000e+000	1.97500e-001	8.74934e+000
6.50000e+000	2.00000e-001	0.00000e+000

7.00000e+000	0.00000e+000	0.00000e+000
7.00000e+000	2.50000e-003	8.63719e+000
7.00000e+000	7.50000e-003	8.71052e+000
7.00000e+000	1.25000e-002	8.73495e+000
7.00000e+000	1.75000e-002	8.74640e+000
7.00000e+000	2.25000e-002	8.75356e+000
7.00000e+000	2.75000e-002	8.75861e+000
7.00000e+000	3.25000e-002	8.76239e+000
7.00000e+000	3.75000e-002	8.76535e+000
7.00000e+000	4.25000e-002	8.76772e+000
7.00000e+000	4.75000e-002	8.76967e+000
7.00000e+000	5.25000e-002	8.77128e+000
7.00000e+000	5.75000e-002	8.77263e+000
7.00000e+000	6.25000e-002	8.77377e+000
7.00000e+000	6.75000e-002	8.77474e+000
7.00000e+000	7.25000e-002	8.77557e+000
7.00000e+000	7.75000e-002	8.77627e+000
7.00000e+000	8.25000e-002	8.77687e+000
7.00000e+000	8.75000e-002	8.77737e+000
7.00000e+000	9.25000e-002	8.77779e+000
7.00000e+000	9.75000e-002	8.77812e+000
7.00000e+000	1.02500e-001	8.77838e+000
7.00000e+000	1.07500e-001	8.77856e+000
7.00000e+000	1.12500e-001	8.77865e+000
7.00000e+000	1.17500e-001	8.77866e+000
7.00000e+000	1.22500e-001	8.77857e+000
7.00000e+000	1.27500e-001	8.77838e+000
7.00000e+000	1.32500e-001	8.77806e+000
7.00000e+000	1.37500e-001	8.77760e+000
7.00000e+000	1.42500e-001	8.77696e+000
7.00000e+000	1.47500e-001	8.77612e+000
7.00000e+000	1.52500e-001	8.77502e+000
7.00000e+000	1.57500e-001	8.77358e+000
7.00000e+000	1.62500e-001	8.77172e+000
7.00000e+000	1.67500e-001	8.76928e+000
7.00000e+000	1.72500e-001	8.76601e+000
7.00000e+000	1.77500e-001	8.76151e+000
7.00000e+000	1.82500e-001	8.75491e+000
7.00000e+000	1.87500e-001	8.74410e+000
7.00000e+000	1.92500e-001	8.72050e+000
7.00000e+000	1.97500e-001	8.64827e+000
7.00000e+000	2.00000e-001	0.00000e+000

7.50000e+000	0.00000e+000	0.00000e+000
7.50000e+000	2.50000e-003	8.54482e+000
7.50000e+000	7.50000e-003	8.67182e+000
7.50000e+000	1.25000e-002	8.71551e+000
7.50000e+000	1.75000e-002	8.73601e+000
7.50000e+000	2.25000e-002	8.74907e+000
7.50000e+000	2.75000e-002	8.75845e+000
7.50000e+000	3.25000e-002	8.76562e+000
7.50000e+000	3.75000e-002	8.77133e+000
7.50000e+000	4.25000e-002	8.77598e+000
7.50000e+000	4.75000e-002	8.77983e+000
7.50000e+000	5.25000e-002	8.78305e+000
7.50000e+000	5.75000e-002	8.78575e+000
7.50000e+000	6.25000e-002	8.78803e+000
7.50000e+000	6.75000e-002	8.78994e+000
7.50000e+000	7.25000e-002	8.79154e+000
7.50000e+000	7.75000e-002	8.79285e+000
7.50000e+000	8.25000e-002	8.79390e+000
7.50000e+000	8.75000e-002	8.79472e+000
7.50000e+000	9.25000e-002	8.79531e+000
7.50000e+000	9.75000e-002	8.79569e+000
7.50000e+000	1.02500e-001	8.79585e+000
7.50000e+000	1.07500e-001	8.79581e+000
7.50000e+000	1.12500e-001	8.79555e+000
7.50000e+000	1.17500e-001	8.79506e+000
7.50000e+000	1.22500e-001	8.79434e+000
7.50000e+000	1.27500e-001	8.79336e+000
7.50000e+000	1.32500e-001	8.79210e+000
7.50000e+000	1.37500e-001	8.79052e+000
7.50000e+000	1.42500e-001	8.78857e+000
7.50000e+000	1.47500e-001	8.78619e+000
7.50000e+000	1.52500e-001	8.78330e+000
7.50000e+000	1.57500e-001	8.77978e+000
7.50000e+000	1.62500e-001	8.77546e+000
7.50000e+000	1.67500e-001	8.77008e+000
7.50000e+000	1.72500e-001	8.76323e+000
7.50000e+000	1.77500e-001	8.75420e+000
7.50000e+000	1.82500e-001	8.74150e+000
7.50000e+000	1.87500e-001	8.72139e+000
7.50000e+000	1.92500e-001	8.67822e+000
7.50000e+000	1.97500e-001	8.55189e+000
7.50000e+000	2.00000e-001	0.00000e+000

8.00000e+000	0.00000e+000	0.00000e+000
8.00000e+000	2.50000e-003	8.43834e+000
8.00000e+000	7.50000e-003	8.62899e+000
8.00000e+000	1.25000e-002	8.69570e+000
8.00000e+000	1.75000e-002	8.72612e+000
8.00000e+000	2.25000e-002	8.74533e+000
8.00000e+000	2.75000e-002	8.75910e+000
8.00000e+000	3.25000e-002	8.76966e+000
8.00000e+000	3.75000e-002	8.77807e+000
8.00000e+000	4.25000e-002	8.78493e+000
8.00000e+000	4.75000e-002	8.79062e+000
8.00000e+000	5.25000e-002	8.79537e+000
8.00000e+000	5.75000e-002	8.79937e+000
8.00000e+000	6.25000e-002	8.80272e+000
8.00000e+000	6.75000e-002	8.80553e+000
8.00000e+000	7.25000e-002	8.80785e+000
8.00000e+000	7.75000e-002	8.80974e+000
8.00000e+000	8.25000e-002	8.81124e+000
8.00000e+000	8.75000e-002	8.81237e+000
8.00000e+000	9.25000e-002	8.81316e+000
8.00000e+000	9.75000e-002	8.81361e+000
8.00000e+000	1.02500e-001	8.81373e+000
8.00000e+000	1.07500e-001	8.81353e+000
8.00000e+000	1.12500e-001	8.81300e+000
8.00000e+000	1.17500e-001	8.81211e+000
8.00000e+000	1.22500e-001	8.81086e+000
8.00000e+000	1.27500e-001	8.80922e+000
8.00000e+000	1.32500e-001	8.80714e+000
8.00000e+000	1.37500e-001	8.80458e+000
8.00000e+000	1.42500e-001	8.80148e+000
8.00000e+000	1.47500e-001	8.79773e+000
8.00000e+000	1.52500e-001	8.79321e+000
8.00000e+000	1.57500e-001	8.78777e+000
8.00000e+000	1.62500e-001	8.78115e+000
8.00000e+000	1.67500e-001	8.77298e+000
8.00000e+000	1.72500e-001	8.76267e+000
8.00000e+000	1.77500e-001	8.74914e+000
8.00000e+000	1.82500e-001	8.73020e+000
8.00000e+000	1.87500e-001	8.70006e+000
8.00000e+000	1.92500e-001	8.63373e+000
8.00000e+000	1.97500e-001	8.44353e+000
8.00000e+000	2.00000e-001	0.00000e+000

8.50000e+000	0.00000e+000	0.00000e+000
8.50000e+000	2.50000e-003	8.31933e+000
8.50000e+000	7.50000e-003	8.57982e+000
8.50000e+000	1.25000e-002	8.67535e+000
8.50000e+000	1.75000e-002	8.71696e+000
8.50000e+000	2.25000e-002	8.74264e+000
8.50000e+000	2.75000e-002	8.76088e+000
8.50000e+000	3.25000e-002	8.77480e+000
8.50000e+000	3.75000e-002	8.78588e+000
8.50000e+000	4.25000e-002	8.79491e+000
8.50000e+000	4.75000e-002	8.80239e+000
8.50000e+000	5.25000e-002	8.80864e+000
8.50000e+000	5.75000e-002	8.81389e+000
8.50000e+000	6.25000e-002	8.81829e+000
8.50000e+000	6.75000e-002	8.82197e+000
8.50000e+000	7.25000e-002	8.82501e+000
8.50000e+000	7.75000e-002	8.82747e+000
8.50000e+000	8.25000e-002	8.82941e+000
8.50000e+000	8.75000e-002	8.83086e+000
8.50000e+000	9.25000e-002	8.83185e+000
8.50000e+000	9.75000e-002	8.83239e+000
8.50000e+000	1.02500e-001	8.83249e+000
8.50000e+000	1.07500e-001	8.83215e+000
8.50000e+000	1.12500e-001	8.83137e+000
8.50000e+000	1.17500e-001	8.83012e+000
8.50000e+000	1.22500e-001	8.82838e+000
8.50000e+000	1.27500e-001	8.82612e+000
8.50000e+000	1.32500e-001	8.82328e+000
8.50000e+000	1.37500e-001	8.81980e+000
8.50000e+000	1.42500e-001	8.81559e+000
8.50000e+000	1.47500e-001	8.81054e+000
8.50000e+000	1.52500e-001	8.80448e+000
8.50000e+000	1.57500e-001	8.79719e+000
8.50000e+000	1.62500e-001	8.78836e+000
8.50000e+000	1.67500e-001	8.77748e+000
8.50000e+000	1.72500e-001	8.76375e+000
8.50000e+000	1.77500e-001	8.74570e+000
8.50000e+000	1.82500e-001	8.72023e+000
8.50000e+000	1.87500e-001	8.67884e+000
8.50000e+000	1.92500e-001	8.58362e+000
8.50000e+000	1.97500e-001	8.32343e+000
8.50000e+000	2.00000e-001	0.00000e+000

9.00000e+000	0.00000e+000	0.00000e+000
9.00000e+000	2.50000e-003	8.19495e+000
9.00000e+000	7.50000e-003	8.52009e+000
9.00000e+000	1.25000e-002	8.65351e+000
9.00000e+000	1.75000e-002	8.70852e+000
9.00000e+000	2.25000e-002	8.74118e+000
9.00000e+000	2.75000e-002	8.76398e+000
9.00000e+000	3.25000e-002	8.78123e+000
9.00000e+000	3.75000e-002	8.79488e+000
9.00000e+000	4.25000e-002	8.80599e+000
9.00000e+000	4.75000e-002	8.81518e+000
9.00000e+000	5.25000e-002	8.82286e+000
9.00000e+000	5.75000e-002	8.82930e+000
9.00000e+000	6.25000e-002	8.83470e+000
9.00000e+000	6.75000e-002	8.83921e+000
9.00000e+000	7.25000e-002	8.84293e+000
9.00000e+000	7.75000e-002	8.84594e+000
9.00000e+000	8.25000e-002	8.84830e+000
9.00000e+000	8.75000e-002	8.85006e+000
9.00000e+000	9.25000e-002	8.85124e+000
9.00000e+000	9.75000e-002	8.85187e+000
9.00000e+000	1.02500e-001	8.85196e+000
9.00000e+000	1.07500e-001	8.85150e+000
9.00000e+000	1.12500e-001	8.85049e+000
9.00000e+000	1.17500e-001	8.84890e+000
9.00000e+000	1.22500e-001	8.84671e+000
9.00000e+000	1.27500e-001	8.84387e+000
9.00000e+000	1.32500e-001	8.84032e+000
9.00000e+000	1.37500e-001	8.83598e+000
9.00000e+000	1.42500e-001	8.83074e+000
9.00000e+000	1.47500e-001	8.82446e+000
9.00000e+000	1.52500e-001	8.81695e+000
9.00000e+000	1.57500e-001	8.80792e+000
9.00000e+000	1.62500e-001	8.79697e+000
9.00000e+000	1.67500e-001	8.78348e+000
9.00000e+000	1.72500e-001	8.76639e+000
9.00000e+000	1.77500e-001	8.74375e+000
9.00000e+000	1.82500e-001	8.71126e+000
9.00000e+000	1.87500e-001	8.65644e+000
9.00000e+000	1.92500e-001	8.52328e+000
9.00000e+000	1.97500e-001	8.19836e+000
9.00000e+000	2.00000e-001	0.00000e+000

9.50000e+000	0.00000e+000	0.00000e+000
9.50000e+000	2.50000e-003	8.07270e+000
9.50000e+000	7.50000e-003	8.44585e+000
9.50000e+000	1.25000e-002	8.63001e+000
9.50000e+000	1.75000e-002	8.70127e+000
9.50000e+000	2.25000e-002	8.74133e+000
9.50000e+000	2.75000e-002	8.76864e+000
9.50000e+000	3.25000e-002	8.78905e+000
9.50000e+000	3.75000e-002	8.80510e+000
9.50000e+000	4.25000e-002	8.81811e+000
9.50000e+000	4.75000e-002	8.82886e+000
9.50000e+000	5.25000e-002	8.83782e+000
9.50000e+000	5.75000e-002	8.84534e+000
9.50000e+000	6.25000e-002	8.85165e+000
9.50000e+000	6.75000e-002	8.85690e+000
9.50000e+000	7.25000e-002	8.86124e+000
9.50000e+000	7.75000e-002	8.86474e+000
9.50000e+000	8.25000e-002	8.86749e+000
9.50000e+000	8.75000e-002	8.86953e+000
9.50000e+000	9.25000e-002	8.87089e+000
9.50000e+000	9.75000e-002	8.87160e+000
9.50000e+000	1.02500e-001	8.87168e+000
9.50000e+000	1.07500e-001	8.87112e+000
9.50000e+000	1.12500e-001	8.86990e+000
9.50000e+000	1.17500e-001	8.86801e+000
9.50000e+000	1.22500e-001	8.86541e+000
9.50000e+000	1.27500e-001	8.86206e+000
9.50000e+000	1.32500e-001	8.85787e+000
9.50000e+000	1.37500e-001	8.85276e+000
9.50000e+000	1.42500e-001	8.84660e+000
9.50000e+000	1.47500e-001	8.83922e+000
9.50000e+000	1.52500e-001	8.83039e+000
9.50000e+000	1.57500e-001	8.81979e+000
9.50000e+000	1.62500e-001	8.80692e+000
9.50000e+000	1.67500e-001	8.79100e+000
9.50000e+000	1.72500e-001	8.77073e+000
9.50000e+000	1.77500e-001	8.74357e+000
9.50000e+000	1.82500e-001	8.70365e+000
9.50000e+000	1.87500e-001	8.63256e+000
9.50000e+000	1.92500e-001	8.44863e+000
9.50000e+000	1.97500e-001	8.07563e+000
9.50000e+000	2.00000e-001	0.00000e+000

1.00000e+001	0.00000e+000	0.00000e+000
1.00000e+001	2.50000e-003	8.07270e+000
1.00000e+001	7.50000e-003	8.44585e+000
1.00000e+001	1.25000e-002	8.63001e+000
1.00000e+001	1.75000e-002	8.70127e+000
1.00000e+001	2.25000e-002	8.74133e+000
1.00000e+001	2.75000e-002	8.76864e+000
1.00000e+001	3.25000e-002	8.78905e+000
1.00000e+001	3.75000e-002	8.80510e+000
1.00000e+001	4.25000e-002	8.81811e+000
1.00000e+001	4.75000e-002	8.82886e+000
1.00000e+001	5.25000e-002	8.83782e+000
1.00000e+001	5.75000e-002	8.84534e+000
1.00000e+001	6.25000e-002	8.85165e+000
1.00000e+001	6.75000e-002	8.85690e+000
1.00000e+001	7.25000e-002	8.86124e+000
1.00000e+001	7.75000e-002	8.86474e+000
1.00000e+001	8.25000e-002	8.86749e+000
1.00000e+001	8.75000e-002	8.86953e+000
1.00000e+001	9.25000e-002	8.87089e+000
1.00000e+001	9.75000e-002	8.87160e+000
1.00000e+001	1.02500e-001	8.87168e+000
1.00000e+001	1.07500e-001	8.87112e+000
1.00000e+001	1.12500e-001	8.86990e+000
1.00000e+001	1.17500e-001	8.86801e+000
1.00000e+001	1.22500e-001	8.86541e+000
1.00000e+001	1.27500e-001	8.86206e+000
1.00000e+001	1.32500e-001	8.85787e+000
1.00000e+001	1.37500e-001	8.85276e+000
1.00000e+001	1.42500e-001	8.84660e+000
1.00000e+001	1.47500e-001	8.83922e+000
1.00000e+001	1.52500e-001	8.83039e+000
1.00000e+001	1.57500e-001	8.81979e+000
1.00000e+001	1.62500e-001	8.80692e+000
1.00000e+001	1.67500e-001	8.79100e+000
1.00000e+001	1.72500e-001	8.77073e+000
1.00000e+001	1.77500e-001	8.74357e+000
1.00000e+001	1.82500e-001	8.70365e+000
1.00000e+001	1.87500e-001	8.63256e+000
1.00000e+001	1.92500e-001	8.44863e+000
1.00000e+001	1.97500e-001	8.07563e+000
1.00000e+001	2.00000e-001	0.00000e+000

