0.00000e+000	0.00000e+000	0.00000e+000
0.00000e+000	5.00000e-003	0.00000e+000
0.00000e+000	1.00000e-002	0.00000e+000
0.00000e+000	1.50000e-002	0.00000e+000
0.00000e+000	2.00000e-002	0.00000e+000
0.00000e+000	2.50000e-002	0.00000e+000
0.00000e+000	3.00000e-002	0.00000e+000
0.00000e+000	3.50000e-002	0.00000e+000
0.00000e+000	4.00000e-002	0.00000e+000
0.00000e+000	4.50000e-002	0.00000e+000
0.00000e+000	5.00000e-002	0.00000e+000
0.00000e+000	5.50000e-002	0.00000e+000
0.00000e+000	6.00000e-002	0.00000e+000
0.00000e+000	6.50000e-002	0.00000e+000
0.00000e+000	7.00000e-002	0.00000e+000
0.00000e+000	7.50000e-002	0.00000e+000
0.00000e+000	8.00000e-002	0.00000e+000
0.00000e+000	8.50000e-002	0.00000e+000
0.00000e+000	9.00000e-002	0.00000e+000
0.00000e+000	9.50000e-002	0.00000e+000
0.00000e+000	1.00000e-001	0.00000e+000
0.00000e+000	1.05000e-001	0.00000e+000
0.00000e+000	1.10000e-001	0.00000e+000
0.00000e+000	1.15000e-001	0.00000e+000
0.00000e+000	1.20000e-001	0.00000e+000
0.00000e+000	1.25000e-001	0.00000e+000
0.00000e+000	1.30000e-001	0.00000e+000
0.00000e+000	1.35000e-001	0.00000e+000
0.00000e+000	1.40000e-001	0.00000e+000
0.00000e+000	1.45000e-001	0.00000e+000
0.00000e+000	1.50000e-001	0.00000e+000
0.00000e+000	1.55000e-001	0.00000e+000
0.00000e+000	1.60000e-001	0.00000e+000
0.00000e+000	1.65000e-001	0.00000e+000
0.00000e+000	1.70000e-001	0.00000e+000
0.00000e+000	1.75000e-001	0.00000e+000
0.00000e+000	1.80000e-001	0.00000e+000
0.00000e+000	1.85000e-001	0.00000e+000
0.00000e+000	1.90000e-001	0.00000e+000
0.00000e+000	1.95000e-001	0.00000e+000
0.00000e+000	2.00000e-001	0.00000e+000

2.50000e-001	0.00000e+000	0.00000e+000
2.50000e-001	5.00000e-003	1.04796e-003
2.50000e-001	1.00000e-002	2.49916e-003
2.50000e-001	1.50000e-002	3.34208e-003
2.50000e-001	2.00000e-002	3.52106e-003
2.50000e-001	2.50000e-002	3.45738e-003
2.50000e-001	3.00000e-002	3.29725e-003
2.50000e-001	3.50000e-002	3.09195e-003
2.50000e-001	4.00000e-002	2.86407e-003
2.50000e-001	4.50000e-002	2.62453e-003
2.50000e-001	5.00000e-002	2.37878e-003
2.50000e-001	5.50000e-002	2.12961e-003
2.50000e-001	6.00000e-002	1.87845e-003
2.50000e-001	6.50000e-002	1.62610e-003
2.50000e-001	7.00000e-002	1.37321e-003
2.50000e-001	7.50000e-002	1.12068e-003
2.50000e-001	8.00000e-002	8.70114e-004
2.50000e-001	8.50000e-002	6.24486e-004
2.50000e-001	9.00000e-002	3.89366e-004
2.50000e-001	9.50000e-002	1.75025e-004
2.50000e-001	1.00000e-001	1.33017e-017
2.50000e-001	1.05000e-001	-1.75025e-004
2.50000e-001	1.10000e-001	-3.89366e-004
2.50000e-001	1.15000e-001	-6.24486e-004
2.50000e-001	1.20000e-001	-8.70114e-004
2.50000e-001	1.25000e-001	-1.12068e-003
2.50000e-001	1.30000e-001	-1.37321e-003
2.50000e-001	1.35000e-001	-1.62610e-003
2.50000e-001	1.40000e-001	-1.87845e-003
2.50000e-001	1.45000e-001	-2.12961e-003
2.50000e-001	1.50000e-001	-2.37878e-003
2.50000e-001	1.55000e-001	-2.62453e-003
2.50000e-001	1.60000e-001	-2.86407e-003
2.50000e-001	1.65000e-001	-3.09195e-003
2.50000e-001	1.70000e-001	-3.29725e-003
2.50000e-001	1.75000e-001	-3.45738e-003
2.50000e-001	1.80000e-001	-3.52106e-003
2.50000e-001	1.85000e-001	-3.34208e-003
2.50000e-001	1.90000e-001	-2.49916e-003
2.50000e-001	1.95000e-001	-1.04796e-003
2.50000e-001	2.00000e-001	0.00000e+000

7.50000e-001	0.00000e+000	0.00000e+000
7.50000e-001	5.00000e-003	5.22401e-004
7.50000e-001	1.00000e-002	1.04785e-003
7.50000e-001	1.50000e-002	1.38514e-003
7.50000e-001	2.00000e-002	1.63741e-003
7.50000e-001	2.50000e-002	1.78933e-003
7.50000e-001	3.00000e-002	1.84217e-003
7.50000e-001	3.50000e-002	1.82206e-003
7.50000e-001	4.00000e-002	1.75093e-003
7.50000e-001	4.50000e-002	1.64481e-003
7.50000e-001	5.00000e-002	1.51511e-003
7.50000e-001	5.50000e-002	1.36984e-003
7.50000e-001	6.00000e-002	1.21473e-003
7.50000e-001	6.50000e-002	1.05394e-003
7.50000e-001	7.00000e-002	8.90632e-004
7.50000e-001	7.50000e-002	7.27445e-004
7.50000e-001	8.00000e-002	5.66851e-004
7.50000e-001	8.50000e-002	4.11468e-004
7.50000e-001	9.00000e-002	2.64119e-004
7.50000e-001	9.50000e-002	1.27171e-004
7.50000e-001	1.00000e-001	1.30700e-017
7.50000e-001	1.05000e-001	-1.27171e-004
7.50000e-001	1.10000e-001	-2.64119e-004
7.50000e-001	1.15000e-001	-4.11468e-004
7.50000e-001	1.20000e-001	-5.66851e-004
7.50000e-001	1.25000e-001	-7.27445e-004
7.50000e-001	1.30000e-001	-8.90632e-004
7.50000e-001	1.35000e-001	-1.05394e-003
7.50000e-001	1.40000e-001	-1.21473e-003
7.50000e-001	1.45000e-001	-1.36984e-003
7.50000e-001	1.50000e-001	-1.51511e-003
7.50000e-001	1.55000e-001	-1.64481e-003
7.50000e-001	1.60000e-001	-1.75093e-003
7.50000e-001	1.65000e-001	-1.82206e-003
7.50000e-001	1.70000e-001	-1.84217e-003
7.50000e-001	1.75000e-001	-1.78933e-003
7.50000e-001	1.80000e-001	-1.63741e-003
7.50000e-001	1.85000e-001	-1.38514e-003
7.50000e-001	1.90000e-001	-1.04785e-003
7.50000e-001	1.95000e-001	-5.22401e-004
7.50000e-001	2.00000e-001	0.00000e+000

1.25000e+000	0.00000e+000	0.00000e+000
1.25000e+000	5.00000e-003	1.56983e-004
1.25000e+000	1.00000e-002	2.86826e-004
1.25000e+000	1.50000e-002	3.45176e-004
1.25000e+000	2.00000e-002	4.61051e-004
1.25000e+000	2.50000e-002	5.84645e-004
1.25000e+000	3.00000e-002	6.86724e-004
1.25000e+000	3.50000e-002	7.56257e-004
1.25000e+000	4.00000e-002	7.91467e-004
1.25000e+000	4.50000e-002	7.95058e-004
1.25000e+000	5.00000e-002	7.71620e-004
1.25000e+000	5.50000e-002	7.26268e-004
1.25000e+000	6.00000e-002	6.63980e-004
1.25000e+000	6.50000e-002	5.89310e-004
1.25000e+000	7.00000e-002	5.06317e-004
1.25000e+000	7.50000e-002	4.18592e-004
1.25000e+000	8.00000e-002	3.29320e-004
1.25000e+000	8.50000e-002	2.41293e-004
1.25000e+000	9.00000e-002	1.56720e-004
1.25000e+000	9.50000e-002	7.66422e-005
1.25000e+000	1.00000e-001	-6.51059e-018
1.25000e+000	1.05000e-001	-7.66422e-005
1.25000e+000	1.10000e-001	-1.56720e-004
1.25000e+000	1.15000e-001	-2.41293e-004
1.25000e+000	1.20000e-001	-3.29320e-004
1.25000e+000	1.25000e-001	-4.18592e-004
1.25000e+000	1.30000e-001	-5.06317e-004
1.25000e+000	1.35000e-001	-5.89310e-004
1.25000e+000	1.40000e-001	-6.63980e-004
1.25000e+000	1.45000e-001	-7.26268e-004
1.25000e+000	1.50000e-001	-7.71620e-004
1.25000e+000	1.55000e-001	-7.95058e-004
1.25000e+000	1.60000e-001	-7.91467e-004
1.25000e+000	1.65000e-001	-7.56257e-004
1.25000e+000	1.70000e-001	-6.86724e-004
1.25000e+000	1.75000e-001	-5.84645e-004
1.25000e+000	1.80000e-001	-4.61051e-004
1.25000e+000	1.85000e-001	-3.45176e-004
1.25000e+000	1.90000e-001	-2.86826e-004
1.25000e+000	1.95000e-001	-1.56983e-004
1.25000e+000	2.00000e-001	0.00000e+000

1.75000e+000	0.00000e+000	0.00000e+000
1.75000e+000	5.00000e-003	1.43233e-005
1.75000e+000	1.00000e-002	1.24463e-005
1.75000e+000	1.50000e-002	-1.11366e-005
1.75000e+000	2.00000e-002	9.08335e-006
1.75000e+000	2.50000e-002	5.36844e-005
1.75000e+000	3.00000e-002	1.09799e-004
1.75000e+000	3.50000e-002	1.66745e-004
1.75000e+000	4.00000e-002	2.16917e-004
1.75000e+000	4.50000e-002	2.55564e-004
1.75000e+000	5.00000e-002	2.80272e-004
1.75000e+000	5.50000e-002	2.90407e-004
1.75000e+000	6.00000e-002	2.86615e-004
1.75000e+000	6.50000e-002	2.70418e-004
1.75000e+000	7.00000e-002	2.43894e-004
1.75000e+000	7.50000e-002	2.09453e-004
1.75000e+000	8.00000e-002	1.69659e-004
1.75000e+000	8.50000e-002	1.27048e-004
1.75000e+000	9.00000e-002	8.38393e-005
1.75000e+000	9.50000e-002	4.14438e-005
1.75000e+000	1.00000e-001	9.03072e-017
1.75000e+000	1.05000e-001	-4.14438e-005
1.75000e+000	1.10000e-001	-8.38393e-005
1.75000e+000	1.15000e-001	-1.27048e-004
1.75000e+000	1.20000e-001	-1.69659e-004
1.75000e+000	1.25000e-001	-2.09453e-004
1.75000e+000	1.30000e-001	-2.43894e-004
1.75000e+000	1.35000e-001	-2.70418e-004
1.75000e+000	1.40000e-001	-2.86615e-004
1.75000e+000	1.45000e-001	-2.90407e-004
1.75000e+000	1.50000e-001	-2.80272e-004
1.75000e+000	1.55000e-001	-2.55564e-004
1.75000e+000	1.60000e-001	-2.16917e-004
1.75000e+000	1.65000e-001	-1.66745e-004
1.75000e+000	1.70000e-001	-1.09799e-004
1.75000e+000	1.75000e-001	-5.36844e-005
1.75000e+000	1.80000e-001	-9.08335e-006
1.75000e+000	1.85000e-001	1.11366e-005
1.75000e+000	1.90000e-001	-1.24463e-005
1.75000e+000	1.95000e-001	-1.43233e-005
1.75000e+000	2.00000e-001	0.00000e+000

2.25000e+000	0.00000e+000	0.00000e+000
2.25000e+000	5.00000e-003	-2.65633e-005
2.25000e+000	1.00000e-002	-6.15684e-005
2.25000e+000	1.50000e-002	-1.05961e-004
2.25000e+000	2.00000e-002	-1.27418e-004
2.25000e+000	2.50000e-002	-1.30422e-004
2.25000e+000	3.00000e-002	-1.18628e-004
2.25000e+000	3.50000e-002	-9.66560e-005
2.25000e+000	4.00000e-002	-6.90281e-005
2.25000e+000	4.50000e-002	-3.97216e-005
2.25000e+000	5.00000e-002	-1.19664e-005
2.25000e+000	5.50000e-002	1.18314e-005
2.25000e+000	6.00000e-002	3.00895e-005
2.25000e+000	6.50000e-002	4.20061e-005
2.25000e+000	7.00000e-002	4.74901e-005
2.25000e+000	7.50000e-002	4.70778e-005
2.25000e+000	8.00000e-002	4.18291e-005
2.25000e+000	8.50000e-002	3.31683e-005
2.25000e+000	9.00000e-002	2.26080e-005
2.25000e+000	9.50000e-002	1.13531e-005
2.25000e+000	1.00000e-001	2.61768e-017
2.25000e+000	1.05000e-001	-1.13531e-005
2.25000e+000	1.10000e-001	-2.26080e-005
2.25000e+000	1.15000e-001	-3.31683e-005
2.25000e+000	1.20000e-001	-4.18291e-005
2.25000e+000	1.25000e-001	-4.70778e-005
2.25000e+000	1.30000e-001	-4.74901e-005
2.25000e+000	1.35000e-001	-4.20061e-005
2.25000e+000	1.40000e-001	-3.00895e-005
2.25000e+000	1.45000e-001	-1.18314e-005
2.25000e+000	1.50000e-001	1.19664e-005
2.25000e+000	1.55000e-001	3.97216e-005
2.25000e+000	1.60000e-001	6.90281e-005
2.25000e+000	1.65000e-001	9.66560e-005
2.25000e+000	1.70000e-001	1.18628e-004
2.25000e+000	1.75000e-001	1.30422e-004
2.25000e+000	1.80000e-001	1.27418e-004
2.25000e+000	1.85000e-001	1.05961e-004
2.25000e+000	1.90000e-001	6.15684e-005
2.25000e+000	1.95000e-001	2.65633e-005
2.25000e+000	2.00000e-001	0.00000e+000

2.75000e+000	0.00000e+000	0.00000e+000
2.75000e+000	5.00000e-003	-3.39028e-005
2.75000e+000	1.00000e-002	-7.27397e-005
2.75000e+000	1.50000e-002	-1.17883e-004
2.75000e+000	2.00000e-002	-1.52584e-004
2.75000e+000	2.50000e-002	-1.76173e-004
2.75000e+000	3.00000e-002	-1.88788e-004
2.75000e+000	3.50000e-002	-1.91677e-004
2.75000e+000	4.00000e-002	-1.86590e-004
2.75000e+000	4.50000e-002	-1.75458e-004
2.75000e+000	5.00000e-002	-1.60188e-004
2.75000e+000	5.50000e-002	-1.42519e-004
2.75000e+000	6.00000e-002	-1.23925e-004
2.75000e+000	6.50000e-002	-1.05532e-004
2.75000e+000	7.00000e-002	-8.80711e-005
2.75000e+000	7.50000e-002	-7.18486e-005
2.75000e+000	8.00000e-002	-5.67694e-005
2.75000e+000	8.50000e-002	-4.24382e-005
2.75000e+000	9.00000e-002	-2.83704e-005
2.75000e+000	9.50000e-002	-1.42427e-005
2.75000e+000	1.00000e-001	-2.18950e-017
2.75000e+000	1.05000e-001	1.42427e-005
2.75000e+000	1.10000e-001	2.83704e-005
2.75000e+000	1.15000e-001	4.24382e-005
2.75000e+000	1.20000e-001	5.67694e-005
2.75000e+000	1.25000e-001	7.18486e-005
2.75000e+000	1.30000e-001	8.80711e-005
2.75000e+000	1.35000e-001	1.05532e-004
2.75000e+000	1.40000e-001	1.23925e-004
2.75000e+000	1.45000e-001	1.42519e-004
2.75000e+000	1.50000e-001	1.60188e-004
2.75000e+000	1.55000e-001	1.75458e-004
2.75000e+000	1.60000e-001	1.86590e-004
2.75000e+000	1.65000e-001	1.91677e-004
2.75000e+000	1.70000e-001	1.88788e-004
2.75000e+000	1.75000e-001	1.76173e-004
2.75000e+000	1.80000e-001	1.52584e-004
2.75000e+000	1.85000e-001	1.17883e-004
2.75000e+000	1.90000e-001	7.27397e-005
2.75000e+000	1.95000e-001	3.39028e-005
2.75000e+000	2.00000e-001	0.00000e+000

3.25000e+000	0.00000e+000	0.00000e+000
3.25000e+000	5.00000e-003	-3.11443e-005
3.25000e+000	1.00000e-002	-6.54494e-005
3.25000e+000	1.50000e-002	-1.04468e-004
3.25000e+000	2.00000e-002	-1.39775e-004
3.25000e+000	2.50000e-002	-1.69242e-004
3.25000e+000	3.00000e-002	-1.91796e-004
3.25000e+000	3.50000e-002	-2.07220e-004
3.25000e+000	4.00000e-002	-2.15791e-004
3.25000e+000	4.50000e-002	-2.18078e-004
3.25000e+000	5.00000e-002	-2.14800e-004
3.25000e+000	5.50000e-002	-2.06725e-004
3.25000e+000	6.00000e-002	-1.94583e-004
3.25000e+000	6.50000e-002	-1.78999e-004
3.25000e+000	7.00000e-002	-1.60440e-004
3.25000e+000	7.50000e-002	-1.39194e-004
3.25000e+000	8.00000e-002	-1.15404e-004
3.25000e+000	8.50000e-002	-8.91875e-005
3.25000e+000	9.00000e-002	-6.08128e-005
3.25000e+000	9.50000e-002	-3.08273e-005
3.25000e+000	1.00000e-001	-1.45979e-017
3.25000e+000	1.05000e-001	3.08273e-005
3.25000e+000	1.10000e-001	6.08128e-005
3.25000e+000	1.15000e-001	8.91875e-005
3.25000e+000	1.20000e-001	1.15404e-004
3.25000e+000	1.25000e-001	1.39194e-004
3.25000e+000	1.30000e-001	1.60440e-004
3.25000e+000	1.35000e-001	1.78999e-004
3.25000e+000	1.40000e-001	1.94583e-004
3.25000e+000	1.45000e-001	2.06725e-004
3.25000e+000	1.50000e-001	2.14800e-004
3.25000e+000	1.55000e-001	2.18078e-004
3.25000e+000	1.60000e-001	2.15791e-004
3.25000e+000	1.65000e-001	2.07220e-004
3.25000e+000	1.70000e-001	1.91796e-004
3.25000e+000	1.75000e-001	1.69242e-004
3.25000e+000	1.80000e-001	1.39775e-004
3.25000e+000	1.85000e-001	1.04468e-004
3.25000e+000	1.90000e-001	6.54494e-005
3.25000e+000	1.95000e-001	3.11443e-005
3.25000e+000	2.00000e-001	0.00000e+000

3.75000e+000	0.00000e+000	0.00000e+000
3.75000e+000	5.00000e-003	-2.54899e-005
3.75000e+000	1.00000e-002	-5.30180e-005
3.75000e+000	1.50000e-002	-8.39399e-005
3.75000e+000	2.00000e-002	-1.14627e-004
3.75000e+000	2.50000e-002	-1.42785e-004
3.75000e+000	3.00000e-002	-1.67041e-004
3.75000e+000	3.50000e-002	-1.86625e-004
3.75000e+000	4.00000e-002	-2.01144e-004
3.75000e+000	4.50000e-002	-2.10446e-004
3.75000e+000	5.00000e-002	-2.14535e-004
3.75000e+000	5.50000e-002	-2.13501e-004
3.75000e+000	6.00000e-002	-2.07463e-004
3.75000e+000	6.50000e-002	-1.96531e-004
3.75000e+000	7.00000e-002	-1.80783e-004
3.75000e+000	7.50000e-002	-1.60286e-004
3.75000e+000	8.00000e-002	-1.35166e-004
3.75000e+000	8.50000e-002	-1.05744e-004
3.75000e+000	9.00000e-002	-7.26796e-005
3.75000e+000	9.50000e-002	-3.70083e-005
3.75000e+000	1.00000e-001	-2.10136e-017
3.75000e+000	1.05000e-001	3.70083e-005
3.75000e+000	1.10000e-001	7.26796e-005
3.75000e+000	1.15000e-001	1.05744e-004
3.75000e+000	1.20000e-001	1.35166e-004
3.75000e+000	1.25000e-001	1.60286e-004
3.75000e+000	1.30000e-001	1.80783e-004
3.75000e+000	1.35000e-001	1.96531e-004
3.75000e+000	1.40000e-001	2.07463e-004
3.75000e+000	1.45000e-001	2.13501e-004
3.75000e+000	1.50000e-001	2.14535e-004
3.75000e+000	1.55000e-001	2.10446e-004
3.75000e+000	1.60000e-001	2.01144e-004
3.75000e+000	1.65000e-001	1.86625e-004
3.75000e+000	1.70000e-001	1.67041e-004
3.75000e+000	1.75000e-001	1.42785e-004
3.75000e+000	1.80000e-001	1.14627e-004
3.75000e+000	1.85000e-001	8.39399e-005
3.75000e+000	1.90000e-001	5.30180e-005
3.75000e+000	1.95000e-001	2.54899e-005
3.75000e+000	2.00000e-001	0.00000e+000

4.25000e+000	0.00000e+000	0.00000e+000
4.25000e+000	5.00000e-003	-1.93328e-005
4.25000e+000	1.00000e-002	-3.99014e-005
4.25000e+000	1.50000e-002	-6.27346e-005
4.25000e+000	2.00000e-002	-8.69942e-005
4.25000e+000	2.50000e-002	-1.10662e-004
4.25000e+000	3.00000e-002	-1.32438e-004
4.25000e+000	3.50000e-002	-1.51417e-004
4.25000e+000	4.00000e-002	-1.66953e-004
4.25000e+000	4.50000e-002	-1.78571e-004
4.25000e+000	5.00000e-002	-1.85916e-004
4.25000e+000	5.50000e-002	-1.88707e-004
4.25000e+000	6.00000e-002	-1.86712e-004
4.25000e+000	6.50000e-002	-1.79728e-004
4.25000e+000	7.00000e-002	-1.67594e-004
4.25000e+000	7.50000e-002	-1.50232e-004
4.25000e+000	8.00000e-002	-1.27741e-004
4.25000e+000	8.50000e-002	-1.00518e-004
4.25000e+000	9.00000e-002	-6.93503e-005
4.25000e+000	9.50000e-002	-3.53896e-005
4.25000e+000	1.00000e-001	3.10665e-017
4.25000e+000	1.05000e-001	3.53896e-005
4.25000e+000	1.10000e-001	6.93503e-005
4.25000e+000	1.15000e-001	1.00518e-004
4.25000e+000	1.20000e-001	1.27741e-004
4.25000e+000	1.25000e-001	1.50232e-004
4.25000e+000	1.30000e-001	1.67594e-004
4.25000e+000	1.35000e-001	1.79728e-004
4.25000e+000	1.40000e-001	1.86712e-004
4.25000e+000	1.45000e-001	1.88707e-004
4.25000e+000	1.50000e-001	1.85916e-004
4.25000e+000	1.55000e-001	1.78571e-004
4.25000e+000	1.60000e-001	1.66953e-004
4.25000e+000	1.65000e-001	1.51417e-004
4.25000e+000	1.70000e-001	1.32438e-004
4.25000e+000	1.75000e-001	1.10662e-004
4.25000e+000	1.80000e-001	8.69942e-005
4.25000e+000	1.85000e-001	6.27346e-005
4.25000e+000	1.90000e-001	3.99014e-005
4.25000e+000	1.95000e-001	1.93328e-005
4.25000e+000	2.00000e-001	0.00000e+000

4.75000e+000	0.00000e+000	0.00000e+000
4.75000e+000	5.00000e-003	-1.36450e-005
4.75000e+000	1.00000e-002	-2.79479e-005
4.75000e+000	1.50000e-002	-4.36122e-005
4.75000e+000	2.00000e-002	-6.13359e-005
4.75000e+000	2.50000e-002	-7.95162e-005
4.75000e+000	3.00000e-002	-9.70668e-005
4.75000e+000	3.50000e-002	-1.13145e-004
4.75000e+000	4.00000e-002	-1.27066e-004
4.75000e+000	4.50000e-002	-1.38259e-004
4.75000e+000	5.00000e-002	-1.46231e-004
4.75000e+000	5.50000e-002	-1.50551e-004
4.75000e+000	6.00000e-002	-1.50833e-004
4.75000e+000	6.50000e-002	-1.46743e-004
4.75000e+000	7.00000e-002	-1.38024e-004
4.75000e+000	7.50000e-002	-1.24551e-004
4.75000e+000	8.00000e-002	-1.06412e-004
4.75000e+000	8.50000e-002	-8.40049e-005
4.75000e+000	9.00000e-002	-5.80765e-005
4.75000e+000	9.50000e-002	-2.96710e-005
4.75000e+000	1.00000e-001	-1.69967e-017
4.75000e+000	1.05000e-001	2.96710e-005
4.75000e+000	1.10000e-001	5.80765e-005
4.75000e+000	1.15000e-001	8.40049e-005
4.75000e+000	1.20000e-001	1.06412e-004
4.75000e+000	1.25000e-001	1.24551e-004
4.75000e+000	1.30000e-001	1.38024e-004
4.75000e+000	1.35000e-001	1.46743e-004
4.75000e+000	1.40000e-001	1.50833e-004
4.75000e+000	1.45000e-001	1.50551e-004
4.75000e+000	1.50000e-001	1.46231e-004
4.75000e+000	1.55000e-001	1.38259e-004
4.75000e+000	1.60000e-001	1.27066e-004
4.75000e+000	1.65000e-001	1.13145e-004
4.75000e+000	1.70000e-001	9.70668e-005
4.75000e+000	1.75000e-001	7.95162e-005
4.75000e+000	1.80000e-001	6.13359e-005
4.75000e+000	1.85000e-001	4.36122e-005
4.75000e+000	1.90000e-001	2.79479e-005
4.75000e+000	1.95000e-001	1.36450e-005
4.75000e+000	2.00000e-001	0.00000e+000

5.25000e+000	0.00000e+000	0.00000e+000
5.25000e+000	5.00000e-003	-8.87741e-006
5.25000e+000	1.00000e-002	-1.80186e-005
5.25000e+000	1.50000e-002	-2.78565e-005
5.25000e+000	2.00000e-002	-3.98081e-005
5.25000e+000	2.50000e-002	-5.26983e-005
5.25000e+000	3.00000e-002	-6.56982e-005
5.25000e+000	3.50000e-002	-7.81100e-005
5.25000e+000	4.00000e-002	-8.93228e-005
5.25000e+000	4.50000e-002	-9.87895e-005
5.25000e+000	5.00000e-002	-1.06012e-004
5.25000e+000	5.50000e-002	-1.10535e-004
5.25000e+000	6.00000e-002	-1.11946e-004
5.25000e+000	6.50000e-002	-1.09889e-004
5.25000e+000	7.00000e-002	-1.04095e-004
5.25000e+000	7.50000e-002	-9.44365e-005
5.25000e+000	8.00000e-002	-8.09900e-005
5.25000e+000	8.50000e-002	-6.40995e-005
5.25000e+000	9.00000e-002	-4.43873e-005
5.25000e+000	9.50000e-002	-2.26982e-005
5.25000e+000	1.00000e-001	2.64121e-018
5.25000e+000	1.05000e-001	2.26982e-005
5.25000e+000	1.10000e-001	4.43873e-005
5.25000e+000	1.15000e-001	6.40995e-005
5.25000e+000	1.20000e-001	8.09900e-005
5.25000e+000	1.25000e-001	9.44365e-005
5.25000e+000	1.30000e-001	1.04095e-004
5.25000e+000	1.35000e-001	1.09889e-004
5.25000e+000	1.40000e-001	1.11946e-004
5.25000e+000	1.45000e-001	1.10535e-004
5.25000e+000	1.50000e-001	1.06012e-004
5.25000e+000	1.55000e-001	9.87895e-005
5.25000e+000	1.60000e-001	8.93228e-005
5.25000e+000	1.65000e-001	7.81100e-005
5.25000e+000	1.70000e-001	6.56982e-005
5.25000e+000	1.75000e-001	5.26983e-005
5.25000e+000	1.80000e-001	3.98081e-005
5.25000e+000	1.85000e-001	2.78565e-005
5.25000e+000	1.90000e-001	1.80186e-005
5.25000e+000	1.95000e-001	8.87741e-006
5.25000e+000	2.00000e-001	0.00000e+000

5.75000e+000	0.00000e+000	0.00000e+000
5.75000e+000	5.00000e-003	-5.19098e-006
5.75000e+000	1.00000e-002	-1.04002e-005
5.75000e+000	1.50000e-002	-1.58583e-005
5.75000e+000	2.00000e-002	-2.31815e-005
5.75000e+000	2.50000e-002	-3.15755e-005
5.75000e+000	3.00000e-002	-4.04591e-005
5.75000e+000	3.50000e-002	-4.93052e-005
5.75000e+000	4.00000e-002	-5.76233e-005
5.75000e+000	4.50000e-002	-6.49514e-005
5.75000e+000	5.00000e-002	-7.08532e-005
5.75000e+000	5.50000e-002	-7.49189e-005
5.75000e+000	6.00000e-002	-7.67735e-005
5.75000e+000	6.50000e-002	-7.60934e-005
5.75000e+000	7.00000e-002	-7.26361e-005
5.75000e+000	7.50000e-002	-6.62835e-005
5.75000e+000	8.00000e-002	-5.70901e-005
5.75000e+000	8.50000e-002	-4.53201e-005
5.75000e+000	9.00000e-002	-3.14456e-005
5.75000e+000	9.50000e-002	-1.60987e-005
5.75000e+000	1.00000e-001	-5.21300e-018
5.75000e+000	1.05000e-001	1.60987e-005
5.75000e+000	1.10000e-001	3.14456e-005
5.75000e+000	1.15000e-001	4.53201e-005
5.75000e+000	1.20000e-001	5.70901e-005
5.75000e+000	1.25000e-001	6.62835e-005
5.75000e+000	1.30000e-001	7.26361e-005
5.75000e+000	1.35000e-001	7.60934e-005
5.75000e+000	1.40000e-001	7.67735e-005
5.75000e+000	1.45000e-001	7.49189e-005
5.75000e+000	1.50000e-001	7.08532e-005
5.75000e+000	1.55000e-001	6.49514e-005
5.75000e+000	1.60000e-001	5.76233e-005
5.75000e+000	1.65000e-001	4.93052e-005
5.75000e+000	1.70000e-001	4.04591e-005
5.75000e+000	1.75000e-001	3.15755e-005
5.75000e+000	1.80000e-001	2.31815e-005
5.75000e+000	1.85000e-001	1.58583e-005
5.75000e+000	1.90000e-001	1.04002e-005
5.75000e+000	1.95000e-001	5.19098e-006
5.75000e+000	2.00000e-001	0.00000e+000

6.25000e+000	0.00000e+000	0.00000e+000
6.25000e+000	5.00000e-003	-2.55160e-006
6.25000e+000	1.00000e-002	-4.98729e-006
6.25000e+000	1.50000e-002	-7.39943e-006
6.25000e+000	2.00000e-002	-1.13005e-005
6.25000e+000	2.50000e-002	-1.62042e-005
6.25000e+000	3.00000e-002	-2.17397e-005
6.25000e+000	3.50000e-002	-2.75424e-005
6.25000e+000	4.00000e-002	-3.32518e-005
6.25000e+000	4.50000e-002	-3.85127e-005
6.25000e+000	5.00000e-002	-4.29781e-005
6.25000e+000	5.50000e-002	-4.63147e-005
6.25000e+000	6.00000e-002	-4.82128e-005
6.25000e+000	6.50000e-002	-4.84032e-005
6.25000e+000	7.00000e-002	-4.66817e-005
6.25000e+000	7.50000e-002	-4.29423e-005
6.25000e+000	8.00000e-002	-3.72115e-005
6.25000e+000	8.50000e-002	-2.96703e-005
6.25000e+000	9.00000e-002	-2.06485e-005
6.25000e+000	9.50000e-002	-1.05895e-005
6.25000e+000	1.00000e-001	-4.53781e-018
6.25000e+000	1.05000e-001	1.05895e-005
6.25000e+000	1.10000e-001	2.06485e-005
6.25000e+000	1.15000e-001	2.96703e-005
6.25000e+000	1.20000e-001	3.72115e-005
6.25000e+000	1.25000e-001	4.29423e-005
6.25000e+000	1.30000e-001	4.66817e-005
6.25000e+000	1.35000e-001	4.84032e-005
6.25000e+000	1.40000e-001	4.82128e-005
6.25000e+000	1.45000e-001	4.63147e-005
6.25000e+000	1.50000e-001	4.29781e-005
6.25000e+000	1.55000e-001	3.85127e-005
6.25000e+000	1.60000e-001	3.32518e-005
6.25000e+000	1.65000e-001	2.75424e-005
6.25000e+000	1.70000e-001	2.17397e-005
6.25000e+000	1.75000e-001	1.62042e-005
6.25000e+000	1.80000e-001	1.13005e-005
6.25000e+000	1.85000e-001	7.39943e-006
6.25000e+000	1.90000e-001	4.98729e-006
6.25000e+000	1.95000e-001	2.55160e-006
6.25000e+000	2.00000e-001	0.00000e+000

6.75000e+000	0.00000e+000	0.00000e+000
6.75000e+000	5.00000e-003	-8.09444e-007
6.75000e+000	1.00000e-002	-1.44527e-006
6.75000e+000	1.50000e-002	-1.91374e-006
6.75000e+000	2.00000e-002	-3.47675e-006
6.75000e+000	2.50000e-002	-5.87620e-006
6.75000e+000	3.00000e-002	-8.90377e-006
6.75000e+000	3.50000e-002	-1.23314e-005
6.75000e+000	4.00000e-002	-1.59172e-005
6.75000e+000	4.50000e-002	-1.94105e-005
6.75000e+000	5.00000e-002	-2.25575e-005
6.75000e+000	5.50000e-002	-2.51078e-005
6.75000e+000	6.00000e-002	-2.68243e-005
6.75000e+000	6.50000e-002	-2.74971e-005
6.75000e+000	7.00000e-002	-2.69625e-005
6.75000e+000	7.50000e-002	-2.51271e-005
6.75000e+000	8.00000e-002	-2.19912e-005
6.75000e+000	8.50000e-002	-1.76630e-005
6.75000e+000	9.00000e-002	-1.23538e-005
6.75000e+000	9.50000e-002	-6.35415e-006
6.75000e+000	1.00000e-001	6.67819e-018
6.75000e+000	1.05000e-001	6.35415e-006
6.75000e+000	1.10000e-001	1.23538e-005
6.75000e+000	1.15000e-001	1.76630e-005
6.75000e+000	1.20000e-001	2.19912e-005
6.75000e+000	1.25000e-001	2.51271e-005
6.75000e+000	1.30000e-001	2.69625e-005
6.75000e+000	1.35000e-001	2.74971e-005
6.75000e+000	1.40000e-001	2.68243e-005
6.75000e+000	1.45000e-001	2.51078e-005
6.75000e+000	1.50000e-001	2.25575e-005
6.75000e+000	1.55000e-001	1.94105e-005
6.75000e+000	1.60000e-001	1.59172e-005
6.75000e+000	1.65000e-001	1.23314e-005
6.75000e+000	1.70000e-001	8.90377e-006
6.75000e+000	1.75000e-001	5.87620e-006
6.75000e+000	1.80000e-001	3.47675e-006
6.75000e+000	1.85000e-001	1.91374e-006
6.75000e+000	1.90000e-001	1.44527e-006
6.75000e+000	1.95000e-001	8.09444e-007
6.75000e+000	2.00000e-001	0.00000e+000

7.25000e+000	0.00000e+000	0.00000e+000
7.25000e+000	5.00000e-003	2.33377e-007
7.25000e+000	1.00000e-002	6.50417e-007
7.25000e+000	1.50000e-002	1.29546e-006
7.25000e+000	2.00000e-002	1.19986e-006
7.25000e+000	2.50000e-002	4.62703e-007
7.25000e+000	3.00000e-002	-8.23441e-007
7.25000e+000	3.50000e-002	-2.53411e-006
7.25000e+000	4.00000e-002	-4.52302e-006
7.25000e+000	4.50000e-002	-6.62872e-006
7.25000e+000	5.00000e-002	-8.68038e-006
7.25000e+000	5.50000e-002	-1.05041e-005
7.25000e+000	6.00000e-002	-1.19305e-005
7.25000e+000	6.50000e-002	-1.28057e-005
7.25000e+000	7.00000e-002	-1.30043e-005
7.25000e+000	7.50000e-002	-1.24464e-005
7.25000e+000	8.00000e-002	-1.11132e-005
7.25000e+000	8.50000e-002	-9.05659e-006
7.25000e+000	9.00000e-002	-6.39716e-006
7.25000e+000	9.50000e-002	-3.30924e-006
7.25000e+000	1.00000e-001	-4.17253e-018
7.25000e+000	1.05000e-001	3.30924e-006
7.25000e+000	1.10000e-001	6.39716e-006
7.25000e+000	1.15000e-001	9.05659e-006
7.25000e+000	1.20000e-001	1.11132e-005
7.25000e+000	1.25000e-001	1.24464e-005
7.25000e+000	1.30000e-001	1.30043e-005
7.25000e+000	1.35000e-001	1.28057e-005
7.25000e+000	1.40000e-001	1.19305e-005
7.25000e+000	1.45000e-001	1.05041e-005
7.25000e+000	1.50000e-001	8.68038e-006
7.25000e+000	1.55000e-001	6.62872e-006
7.25000e+000	1.60000e-001	4.52302e-006
7.25000e+000	1.65000e-001	2.53411e-006
7.25000e+000	1.70000e-001	8.23441e-007
7.25000e+000	1.75000e-001	-4.62703e-007
7.25000e+000	1.80000e-001	-1.19986e-006
7.25000e+000	1.85000e-001	-1.29546e-006
7.25000e+000	1.90000e-001	-6.50417e-007
7.25000e+000	1.95000e-001	-2.33377e-007
7.25000e+000	2.00000e-001	0.00000e+000

7.75000e+000	0.00000e+000	0.00000e+000
7.75000e+000	5.00000e-003	7.92137e-007
7.75000e+000	1.00000e-002	1.75782e-006
7.75000e+000	1.50000e-002	2.95596e-006
7.75000e+000	2.00000e-002	3.64060e-006
7.75000e+000	2.50000e-002	3.85002e-006
7.75000e+000	3.00000e-002	3.62616e-006
7.75000e+000	3.50000e-002	3.02874e-006
7.75000e+000	4.00000e-002	2.13356e-006
7.75000e+000	4.50000e-002	1.03086e-006
7.75000e+000	5.00000e-002	-1.77953e-007
7.75000e+000	5.50000e-002	-1.38454e-006
7.75000e+000	6.00000e-002	-2.47908e-006
7.75000e+000	6.50000e-002	-3.35731e-006
7.75000e+000	7.00000e-002	-3.92953e-006
7.75000e+000	7.50000e-002	-4.13111e-006
7.75000e+000	8.00000e-002	-3.93292e-006
7.75000e+000	8.50000e-002	-3.34832e-006
7.75000e+000	9.00000e-002	-2.43333e-006
7.75000e+000	9.50000e-002	-1.27915e-006
7.75000e+000	1.00000e-001	2.06316e-017
7.75000e+000	1.05000e-001	1.27915e-006
7.75000e+000	1.10000e-001	2.43333e-006
7.75000e+000	1.15000e-001	3.34832e-006
7.75000e+000	1.20000e-001	3.93292e-006
7.75000e+000	1.25000e-001	4.13111e-006
7.75000e+000	1.30000e-001	3.92953e-006
7.75000e+000	1.35000e-001	3.35731e-006
7.75000e+000	1.40000e-001	2.47908e-006
7.75000e+000	1.45000e-001	1.38454e-006
7.75000e+000	1.50000e-001	1.77953e-007
7.75000e+000	1.55000e-001	-1.03086e-006
7.75000e+000	1.60000e-001	-2.13356e-006
7.75000e+000	1.65000e-001	-3.02874e-006
7.75000e+000	1.70000e-001	-3.62616e-006
7.75000e+000	1.75000e-001	-3.85002e-006
7.75000e+000	1.80000e-001	-3.64060e-006
7.75000e+000	1.85000e-001	-2.95596e-006
7.75000e+000	1.90000e-001	-1.75782e-006
7.75000e+000	1.95000e-001	-7.92137e-007
7.75000e+000	2.00000e-001	0.00000e+000

8.25000e+000	0.00000e+000	0.00000e+000
8.25000e+000	5.00000e-003	7.08468e-007
8.25000e+000	1.00000e-002	1.51225e-006
8.25000e+000	1.50000e-002	2.13600e-006
8.25000e+000	2.00000e-002	2.81737e-006
8.25000e+000	2.50000e-002	3.55872e-006
8.25000e+000	3.00000e-002	4.18601e-006
8.25000e+000	3.50000e-002	4.58554e-006
8.25000e+000	4.00000e-002	4.71561e-006
8.25000e+000	4.50000e-002	4.58280e-006
8.25000e+000	5.00000e-002	4.22348e-006
8.25000e+000	5.50000e-002	3.69195e-006
8.25000e+000	6.00000e-002	3.05232e-006
8.25000e+000	6.50000e-002	2.37202e-006
8.25000e+000	7.00000e-002	1.71549e-006
8.25000e+000	7.50000e-002	1.13757e-006
8.25000e+000	8.00000e-002	6.76780e-007
8.25000e+000	8.50000e-002	3.50011e-007
8.25000e+000	9.00000e-002	1.50221e-007
8.25000e+000	9.50000e-002	4.85232e-008
8.25000e+000	1.00000e-001	7.40868e-019
8.25000e+000	1.05000e-001	-4.85232e-008
8.25000e+000	1.10000e-001	-1.50221e-007
8.25000e+000	1.15000e-001	-3.50011e-007
8.25000e+000	1.20000e-001	-6.76780e-007
8.25000e+000	1.25000e-001	-1.13757e-006
8.25000e+000	1.30000e-001	-1.71549e-006
8.25000e+000	1.35000e-001	-2.37202e-006
8.25000e+000	1.40000e-001	-3.05232e-006
8.25000e+000	1.45000e-001	-3.69195e-006
8.25000e+000	1.50000e-001	-4.22348e-006
8.25000e+000	1.55000e-001	-4.58280e-006
8.25000e+000	1.60000e-001	-4.71561e-006
8.25000e+000	1.65000e-001	-4.58554e-006
8.25000e+000	1.70000e-001	-4.18601e-006
8.25000e+000	1.75000e-001	-3.55872e-006
8.25000e+000	1.80000e-001	-2.81737e-006
8.25000e+000	1.85000e-001	-2.13600e-006
8.25000e+000	1.90000e-001	-1.51225e-006
8.25000e+000	1.95000e-001	-7.08468e-007
8.25000e+000	2.00000e-001	0.00000e+000

8.75000e+000	0.00000e+000	0.00000e+000
8.75000e+000	5.00000e-003	1.12159e-006
8.75000e+000	1.00000e-002	1.95401e-006
8.75000e+000	1.50000e-002	8.17151e-006
8.75000e+000	2.00000e-002	1.69172e-005
8.75000e+000	2.50000e-002	2.38313e-005
8.75000e+000	3.00000e-002	2.84191e-005
8.75000e+000	3.50000e-002	3.10749e-005
8.75000e+000	4.00000e-002	3.22181e-005
8.75000e+000	4.50000e-002	3.21773e-005
8.75000e+000	5.00000e-002	3.12019e-005
8.75000e+000	5.50000e-002	2.94852e-005
8.75000e+000	6.00000e-002	2.71840e-005
8.75000e+000	6.50000e-002	2.44297e-005
8.75000e+000	7.00000e-002	2.13361e-005
8.75000e+000	7.50000e-002	1.80017e-005
8.75000e+000	8.00000e-002	1.45099e-005
8.75000e+000	8.50000e-002	1.09263e-005
8.75000e+000	9.00000e-002	7.29743e-006
8.75000e+000	9.50000e-002	3.65105e-006
8.75000e+000	1.00000e-001	-3.43592e-017
8.75000e+000	1.05000e-001	-3.65105e-006
8.75000e+000	1.10000e-001	-7.29743e-006
8.75000e+000	1.15000e-001	-1.09263e-005
8.75000e+000	1.20000e-001	-1.45099e-005
8.75000e+000	1.25000e-001	-1.80017e-005
8.75000e+000	1.30000e-001	-2.13361e-005
8.75000e+000	1.35000e-001	-2.44297e-005
8.75000e+000	1.40000e-001	-2.71840e-005
8.75000e+000	1.45000e-001	-2.94852e-005
8.75000e+000	1.50000e-001	-3.12019e-005
8.75000e+000	1.55000e-001	-3.21773e-005
8.75000e+000	1.60000e-001	-3.22181e-005
8.75000e+000	1.65000e-001	-3.10749e-005
8.75000e+000	1.70000e-001	-2.84191e-005
8.75000e+000	1.75000e-001	-2.38313e-005
8.75000e+000	1.80000e-001	-1.69172e-005
8.75000e+000	1.85000e-001	-8.17151e-006
8.75000e+000	1.90000e-001	-1.95401e-006
8.75000e+000	1.95000e-001	-1.12159e-006
8.75000e+000	2.00000e-001	0.00000e+000

9.25000e+000	0.00000e+000	0.00000e+000
9.25000e+000	5.00000e-003	8.30071e-005
9.25000e+000	1.00000e-002	1.84418e-004
9.25000e+000	1.50000e-002	2.52482e-004
9.25000e+000	2.00000e-002	2.58698e-004
9.25000e+000	2.50000e-002	2.47862e-004
9.25000e+000	3.00000e-002	2.31253e-004
9.25000e+000	3.50000e-002	2.12397e-004
9.25000e+000	4.00000e-002	1.92704e-004
9.25000e+000	4.50000e-002	1.72857e-004
9.25000e+000	5.00000e-002	1.53254e-004
9.25000e+000	5.50000e-002	1.34163e-004
9.25000e+000	6.00000e-002	1.15786e-004
9.25000e+000	6.50000e-002	9.82782e-005
9.25000e+000	7.00000e-002	8.17434e-005
9.25000e+000	7.50000e-002	6.62223e-005
9.25000e+000	8.00000e-002	5.16755e-005
9.25000e+000	8.50000e-002	3.79810e-005
9.25000e+000	9.00000e-002	2.49514e-005
9.25000e+000	9.50000e-002	1.23661e-005
9.25000e+000	1.00000e-001	-1.38095e-017
9.25000e+000	1.05000e-001	-1.23661e-005
9.25000e+000	1.10000e-001	-2.49514e-005
9.25000e+000	1.15000e-001	-3.79810e-005
9.25000e+000	1.20000e-001	-5.16755e-005
9.25000e+000	1.25000e-001	-6.62223e-005
9.25000e+000	1.30000e-001	-8.17434e-005
9.25000e+000	1.35000e-001	-9.82782e-005
9.25000e+000	1.40000e-001	-1.15786e-004
9.25000e+000	1.45000e-001	-1.34163e-004
9.25000e+000	1.50000e-001	-1.53254e-004
9.25000e+000	1.55000e-001	-1.72857e-004
9.25000e+000	1.60000e-001	-1.92704e-004
9.25000e+000	1.65000e-001	-2.12397e-004
9.25000e+000	1.70000e-001	-2.31253e-004
9.25000e+000	1.75000e-001	-2.47862e-004
9.25000e+000	1.80000e-001	-2.58698e-004
9.25000e+000	1.85000e-001	-2.52482e-004
9.25000e+000	1.90000e-001	-1.84418e-004
9.25000e+000	1.95000e-001	-8.30071e-005
9.25000e+000	2.00000e-001	0.00000e+000

9.75000e+000	0.00000e+000	0.00000e+000
9.75000e+000	5.00000e-003	-9.43970e-012
9.75000e+000	1.00000e-002	-1.84313e-011
9.75000e+000	1.50000e-002	-2.81322e-011
9.75000e+000	2.00000e-002	-3.27962e-011
9.75000e+000	2.50000e-002	-3.47731e-011
9.75000e+000	3.00000e-002	-3.52591e-011
9.75000e+000	3.50000e-002	-3.47855e-011
9.75000e+000	4.00000e-002	-3.36613e-011
9.75000e+000	4.50000e-002	-3.20794e-011
9.75000e+000	5.00000e-002	-3.01642e-011
9.75000e+000	5.50000e-002	-2.79955e-011
9.75000e+000	6.00000e-002	-2.56205e-011
9.75000e+000	6.50000e-002	-2.30614e-011
9.75000e+000	7.00000e-002	-2.03210e-011
9.75000e+000	7.50000e-002	-1.73903e-011
9.75000e+000	8.00000e-002	-1.42577e-011
9.75000e+000	8.50000e-002	-1.09216e-011
9.75000e+000	9.00000e-002	-7.40071e-012
9.75000e+000	9.50000e-002	-3.73863e-012
9.75000e+000	1.00000e-001	-3.54046e-018
9.75000e+000	1.05000e-001	3.73862e-012
9.75000e+000	1.10000e-001	7.40071e-012
9.75000e+000	1.15000e-001	1.09216e-011
9.75000e+000	1.20000e-001	1.42577e-011
9.75000e+000	1.25000e-001	1.73903e-011
9.75000e+000	1.30000e-001	2.03210e-011
9.75000e+000	1.35000e-001	2.30614e-011
9.75000e+000	1.40000e-001	2.56205e-011
9.75000e+000	1.45000e-001	2.79955e-011
9.75000e+000	1.50000e-001	3.01642e-011
9.75000e+000	1.55000e-001	3.20794e-011
9.75000e+000	1.60000e-001	3.36613e-011
9.75000e+000	1.65000e-001	3.47855e-011
9.75000e+000	1.70000e-001	3.52591e-011
9.75000e+000	1.75000e-001	3.47731e-011
9.75000e+000	1.80000e-001	3.27962e-011
9.75000e+000	1.85000e-001	2.81322e-011
9.75000e+000	1.90000e-001	1.84313e-011
9.75000e+000	1.95000e-001	9.43969e-012
9.75000e+000	2.00000e-001	0.00000e+000

1.00000e+001	0.00000e+000	0.00000e+000
1.00000e+001	5.00000e-003	-9.43970e-012
1.00000e+001	1.00000e-002	-1.84313e-011
1.00000e+001	1.50000e-002	-2.81322e-011
1.00000e+001	2.00000e-002	-3.27962e-011
1.00000e+001	2.50000e-002	-3.47731e-011
1.00000e+001	3.00000e-002	-3.52591e-011
1.00000e+001	3.50000e-002	-3.47855e-011
1.00000e+001	4.00000e-002	-3.36613e-011
1.00000e+001	4.50000e-002	-3.20794e-011
1.00000e+001	5.00000e-002	-3.01642e-011
1.00000e+001	5.50000e-002	-2.79955e-011
1.00000e+001	6.00000e-002	-2.56205e-011
1.00000e+001	6.50000e-002	-2.30614e-011
1.00000e+001	7.00000e-002	-2.03210e-011
1.00000e+001	7.50000e-002	-1.73903e-011
1.00000e+001	8.00000e-002	-1.42577e-011
1.00000e+001	8.50000e-002	-1.09216e-011
1.00000e+001	9.00000e-002	-7.40071e-012
1.00000e+001	9.50000e-002	-3.73863e-012
1.00000e+001	1.00000e-001	-3.54046e-018
1.00000e+001	1.05000e-001	3.73862e-012
1.00000e+001	1.10000e-001	7.40071e-012
1.00000e+001	1.15000e-001	1.09216e-011
1.00000e+001	1.20000e-001	1.42577e-011
1.00000e+001	1.25000e-001	1.73903e-011
1.00000e+001	1.30000e-001	2.03210e-011
1.00000e+001	1.35000e-001	2.30614e-011
1.00000e+001	1.40000e-001	2.56205e-011
1.00000e+001	1.45000e-001	2.79955e-011
1.00000e+001	1.50000e-001	3.01642e-011
1.00000e+001	1.55000e-001	3.20794e-011
1.00000e+001	1.60000e-001	3.36613e-011
1.00000e+001	1.65000e-001	3.47855e-011
1.00000e+001	1.70000e-001	3.52591e-011
1.00000e+001	1.75000e-001	3.47731e-011
1.00000e+001	1.80000e-001	3.27962e-011
1.00000e+001	1.85000e-001	2.81322e-011
1.00000e+001	1.90000e-001	1.84313e-011
1.00000e+001	1.95000e-001	9.43969e-012
1.00000e+001	2.00000e-001	0.00000e+000

