2.50000e-001	2.50000e-003	2.96250e+001
2.50000e-001	7.50000e-003	2.85181e+001
2.50000e-001	1.25000e-002	2.70342e+001
2.50000e-001	1.75000e-002	2.55472e+001
2.50000e-001	2.25000e-002	2.40571e+001
2.50000e-001	2.75000e-002	2.25641e+001
2.50000e-001	3.25000e-002	2.10684e+001
2.50000e-001	3.75000e-002	1.95705e+001
2.50000e-001	4.25000e-002	1.80704e+001
2.50000e-001	4.75000e-002	1.65687e+001
2.50000e-001	5.25000e-002	1.50654e+001
2.50000e-001	5.75000e-002	1.35610e+001
2.50000e-001	6.25000e-002	1.20556e+001
2.50000e-001	6.75000e-002	1.05495e+001
2.50000e-001	7.25000e-002	9.04291e+000
2.50000e-001	7.75000e-002	7.53595e+000
2.50000e-001	8.25000e-002	6.02881e+000
2.50000e-001	8.75000e-002	4.52159e+000
2.50000e-001	9.25000e-002	3.01437e+000
2.50000e-001	9.75000e-002	1.50718e+000
2.50000e-001	1.02500e-001	-2.36443e-010
2.50000e-001	1.07500e-001	-1.50718e+000
2.50000e-001	1.12500e-001	-3.01437e+000
2.50000e-001	1.17500e-001	-4.52159e+000
2.50000e-001	1.22500e-001	-6.02881e+000
2.50000e-001	1.27500e-001	-7.53595e+000
2.50000e-001	1.32500e-001	-9.04291e+000
2.50000e-001	1.37500e-001	-1.05495e+001
2.50000e-001	1.42500e-001	-1.20556e+001
2.50000e-001	1.47500e-001	-1.35610e+001
2.50000e-001	1.52500e-001	-1.50654e+001
2.50000e-001	1.57500e-001	-1.65687e+001
2.50000e-001	1.62500e-001	-1.80704e+001
2.50000e-001	1.67500e-001	-1.95705e+001
2.50000e-001	1.72500e-001	-2.10684e+001
2.50000e-001	1.77500e-001	-2.25641e+001
2.50000e-001	1.82500e-001	-2.40571e+001
2.50000e-001	1.87500e-001	-2.55472e+001
2.50000e-001	1.92500e-001	-2.70342e+001
2.50000e-001	1.97500e-001	-2.85181e+001

7.50000e-001	2.50000e-003	2.10512e+002
7.50000e-001	7.50000e-003	1.84695e+001
7.50000e-001	1.25000e-002	1.17383e+001
7.50000e-001	1.75000e-002	9.84728e+000
7.50000e-001	2.25000e-002	9.37285e+000
7.50000e-001	2.75000e-002	9.27844e+000
7.50000e-001	3.25000e-002	9.28832e+000
7.50000e-001	3.75000e-002	9.30040e+000
7.50000e-001	4.25000e-002	9.26943e+000
7.50000e-001	4.75000e-002	9.17268e+000
7.50000e-001	5.25000e-002	8.99697e+000
7.50000e-001	5.75000e-002	8.73283e+000
7.50000e-001	6.25000e-002	8.37095e+000
7.50000e-001	6.75000e-002	7.89955e+000
7.50000e-001	7.25000e-002	7.30171e+000
7.50000e-001	7.75000e-002	6.55312e+000
7.50000e-001	8.25000e-002	5.62237e+000
7.50000e-001	8.75000e-002	4.47961e+000
7.50000e-001	9.25000e-002	3.12117e+000
7.50000e-001	9.75000e-002	1.59832e+000
7.50000e-001	1.02500e-001	2.02663e-008
7.50000e-001	1.07500e-001	-1.59832e+000
7.50000e-001	1.12500e-001	-3.12117e+000
7.50000e-001	1.17500e-001	-4.47961e+000
7.50000e-001	1.22500e-001	-5.62237e+000
7.50000e-001	1.27500e-001	-6.55312e+000
7.50000e-001	1.32500e-001	-7.30171e+000
7.50000e-001	1.37500e-001	-7.89955e+000
7.50000e-001	1.42500e-001	-8.37095e+000
7.50000e-001	1.47500e-001	-8.73283e+000
7.50000e-001	1.52500e-001	-8.99697e+000
7.50000e-001	1.57500e-001	-9.17268e+000
7.50000e-001	1.62500e-001	-9.26943e+000
7.50000e-001	1.67500e-001	-9.30040e+000
7.50000e-001	1.72500e-001	-9.28832e+000
7.50000e-001	1.77500e-001	-9.27844e+000
7.50000e-001	1.82500e-001	-9.37285e+000
7.50000e-001	1.87500e-001	-9.84728e+000
7.50000e-001	1.92500e-001	-1.17383e+001
7.50000e-001	1.97500e-001	-1.84695e+001

1.25000e+000	2.50000e-003	2.46333e+002
1.25000e+000	7.50000e-003	2.18551e+001
1.25000e+000	1.25000e-002	1.17190e+001
1.25000e+000	1.75000e-002	8.42890e+000
1.25000e+000	2.25000e-002	7.17158e+000
1.25000e+000	2.75000e-002	6.57846e+000
1.25000e+000	3.25000e-002	6.25790e+000
1.25000e+000	3.75000e-002	6.05830e+000
1.25000e+000	4.25000e-002	5.90825e+000
1.25000e+000	4.75000e-002	5.76840e+000
1.25000e+000	5.25000e-002	5.61349e+000
1.25000e+000	5.75000e-002	5.42440e+000
1.25000e+000	6.25000e-002	5.18420e+000
1.25000e+000	6.75000e-002	4.87598e+000
1.25000e+000	7.25000e-002	4.48224e+000
1.25000e+000	7.75000e-002	3.98599e+000
1.25000e+000	8.25000e-002	3.37463e+000
1.25000e+000	8.75000e-002	2.64687e+000
1.25000e+000	9.25000e-002	1.81929e+000
1.25000e+000	9.75000e-002	9.24830e-001
1.25000e+000	1.02500e-001	1.16055e-007
1.25000e+000	1.07500e-001	-9.24830e-001
1.25000e+000	1.12500e-001	-1.81929e+000
1.25000e+000	1.17500e-001	-2.64687e+000
1.25000e+000	1.22500e-001	-3.37463e+000
1.25000e+000	1.27500e-001	-3.98599e+000
1.25000e+000	1.32500e-001	-4.48224e+000
1.25000e+000	1.37500e-001	-4.87598e+000
1.25000e+000	1.42500e-001	-5.18420e+000
1.25000e+000	1.47500e-001	-5.42440e+000
1.25000e+000	1.52500e-001	-5.61349e+000
1.25000e+000	1.57500e-001	-5.76840e+000
1.25000e+000	1.62500e-001	-5.90825e+000
1.25000e+000	1.67500e-001	-6.05830e+000
1.25000e+000	1.72500e-001	-6.25790e+000
1.25000e+000	1.77500e-001	-6.57846e+000
1.25000e+000	1.82500e-001	-7.17158e+000
1.25000e+000	1.87500e-001	-8.42890e+000
1.25000e+000	1.92500e-001	-1.17190e+001
1.25000e+000	1.97500e-001	-2.18551e+001

1.75000e+000	2.50000e-003	2.58468e+002
1.75000e+000	7.50000e-003	2.40989e+001
1.75000e+000	1.25000e-002	1.24131e+001
1.75000e+000	1.75000e-002	8.40559e+000
1.75000e+000	2.25000e-002	6.62848e+000
1.75000e+000	2.75000e-002	5.68355e+000
1.75000e+000	3.25000e-002	5.11286e+000
1.75000e+000	3.75000e-002	4.72836e+000
1.75000e+000	4.25000e-002	4.43925e+000
1.75000e+000	4.75000e-002	4.19558e+000
1.75000e+000	5.25000e-002	3.96663e+000
1.75000e+000	5.75000e-002	3.73137e+000
1.75000e+000	6.25000e-002	3.47419e+000
1.75000e+000	6.75000e-002	3.18295e+000
1.75000e+000	7.25000e-002	2.84867e+000
1.75000e+000	7.75000e-002	2.46621e+000
1.75000e+000	8.25000e-002	2.03549e+000
1.75000e+000	8.75000e-002	1.56230e+000
1.75000e+000	9.25000e-002	1.05728e+000
1.75000e+000	9.75000e-002	5.32886e-001
1.75000e+000	1.02500e-001	8.33908e-007
1.75000e+000	1.07500e-001	-5.32884e-001
1.75000e+000	1.12500e-001	-1.05728e+000
1.75000e+000	1.17500e-001	-1.56230e+000
1.75000e+000	1.22500e-001	-2.03549e+000
1.75000e+000	1.27500e-001	-2.46620e+000
1.75000e+000	1.32500e-001	-2.84867e+000
1.75000e+000	1.37500e-001	-3.18295e+000
1.75000e+000	1.42500e-001	-3.47419e+000
1.75000e+000	1.47500e-001	-3.73137e+000
1.75000e+000	1.52500e-001	-3.96663e+000
1.75000e+000	1.57500e-001	-4.19558e+000
1.75000e+000	1.62500e-001	-4.43925e+000
1.75000e+000	1.67500e-001	-4.72836e+000
1.75000e+000	1.72500e-001	-5.11286e+000
1.75000e+000	1.77500e-001	-5.68355e+000
1.75000e+000	1.82500e-001	-6.62848e+000
1.75000e+000	1.87500e-001	-8.40559e+000
1.75000e+000	1.92500e-001	-1.24131e+001
1.75000e+000	1.97500e-001	-2.40989e+001

2.25000e+000	2.50000e-003	2.61048e+002
2.25000e+000	7.50000e-003	2.55104e+001
2.25000e+000	1.25000e-002	1.32441e+001
2.25000e+000	1.75000e-002	8.85155e+000
2.25000e+000	2.25000e-002	6.69649e+000
2.25000e+000	2.75000e-002	5.47166e+000
2.25000e+000	3.25000e-002	4.69622e+000
2.25000e+000	3.75000e-002	4.15932e+000
2.25000e+000	4.25000e-002	3.75560e+000
2.25000e+000	4.75000e-002	3.42666e+000
2.25000e+000	5.25000e-002	3.13733e+000
2.25000e+000	5.75000e-002	2.86502e+000
2.25000e+000	6.25000e-002	2.59463e+000
2.25000e+000	6.75000e-002	2.31616e+000
2.25000e+000	7.25000e-002	2.02365e+000
2.25000e+000	7.75000e-002	1.71464e+000
2.25000e+000	8.25000e-002	1.38974e+000
2.25000e+000	8.75000e-002	1.05192e+000
2.25000e+000	9.25000e-002	7.05250e-001
2.25000e+000	9.75000e-002	3.53643e-001
2.25000e+000	1.02500e-001	8.15238e-006
2.25000e+000	1.07500e-001	-3.53627e-001
2.25000e+000	1.12500e-001	-7.05234e-001
2.25000e+000	1.17500e-001	-1.05190e+000
2.25000e+000	1.22500e-001	-1.38973e+000
2.25000e+000	1.27500e-001	-1.71463e+000
2.25000e+000	1.32500e-001	-2.02365e+000
2.25000e+000	1.37500e-001	-2.31616e+000
2.25000e+000	1.42500e-001	-2.59462e+000
2.25000e+000	1.47500e-001	-2.86502e+000
2.25000e+000	1.52500e-001	-3.13733e+000
2.25000e+000	1.57500e-001	-3.42666e+000
2.25000e+000	1.62500e-001	-3.75560e+000
2.25000e+000	1.67500e-001	-4.15932e+000
2.25000e+000	1.72500e-001	-4.69622e+000
2.25000e+000	1.77500e-001	-5.47165e+000
2.25000e+000	1.82500e-001	-6.69648e+000
2.25000e+000	1.87500e-001	-8.85154e+000
2.25000e+000	1.92500e-001	-1.32441e+001
2.25000e+000	1.97500e-001	-2.55104e+001

2.75000e+000	2.50000e-003	2.59682e+002
2.75000e+000	7.50000e-003	2.62780e+001
2.75000e+000	1.25000e-002	1.39417e+001
2.75000e+000	1.75000e-002	9.42114e+000
2.75000e+000	2.25000e-002	7.03408e+000
2.75000e+000	2.75000e-002	5.60159e+000
2.75000e+000	3.25000e-002	4.66007e+000
2.75000e+000	3.75000e-002	3.99432e+000
2.75000e+000	4.25000e-002	3.49214e+000
2.75000e+000	4.75000e-002	3.08977e+000
2.75000e+000	5.25000e-002	2.74854e+000
2.75000e+000	5.75000e-002	2.44392e+000
2.75000e+000	6.25000e-002	2.15992e+000
2.75000e+000	6.75000e-002	1.88624e+000
2.75000e+000	7.25000e-002	1.61660e+000
2.75000e+000	7.75000e-002	1.34769e+000
2.75000e+000	8.25000e-002	1.07827e+000
2.75000e+000	8.75000e-002	8.08379e-001
2.75000e+000	9.25000e-002	5.38542e-001
2.75000e+000	9.75000e-002	2.69135e-001
2.75000e+000	1.02500e-001	1.10402e-004
2.75000e+000	1.07500e-001	-2.68915e-001
2.75000e+000	1.12500e-001	-5.38328e-001
2.75000e+000	1.17500e-001	-8.08174e-001
2.75000e+000	1.22500e-001	-1.07807e+000
2.75000e+000	1.27500e-001	-1.34751e+000
2.75000e+000	1.32500e-001	-1.61645e+000
2.75000e+000	1.37500e-001	-1.88611e+000
2.75000e+000	1.42500e-001	-2.15981e+000
2.75000e+000	1.47500e-001	-2.44384e+000
2.75000e+000	1.52500e-001	-2.74850e+000
2.75000e+000	1.57500e-001	-3.08975e+000
2.75000e+000	1.62500e-001	-3.49216e+000
2.75000e+000	1.67500e-001	-3.99438e+000
2.75000e+000	1.72500e-001	-4.66018e+000
2.75000e+000	1.77500e-001	-5.60175e+000
2.75000e+000	1.82500e-001	-7.03427e+000
2.75000e+000	1.87500e-001	-9.42127e+000
2.75000e+000	1.92500e-001	-1.39417e+001
2.75000e+000	1.97500e-001	-2.62779e+001

3.25000e+000	2.50000e-003	2.55956e+002
3.25000e+000	7.50000e-003	2.72467e+001
3.25000e+000	1.25000e-002	1.47538e+001
3.25000e+000	1.75000e-002	1.00503e+001
3.25000e+000	2.25000e-002	7.42731e+000
3.25000e+000	2.75000e-002	5.80774e+000
3.25000e+000	3.25000e-002	4.72595e+000
3.25000e+000	3.75000e-002	3.95515e+000
3.25000e+000	4.25000e-002	3.37437e+000
3.25000e+000	4.75000e-002	2.91422e+000
3.25000e+000	5.25000e-002	2.53259e+000
3.25000e+000	5.75000e-002	2.20284e+000
3.25000e+000	6.25000e-002	1.90767e+000
3.25000e+000	6.75000e-002	1.63579e+000
3.25000e+000	7.25000e-002	1.37984e+000
3.25000e+000	7.75000e-002	1.13515e+000
3.25000e+000	8.25000e-002	8.98753e-001
3.25000e+000	8.75000e-002	6.68685e-001
3.25000e+000	9.25000e-002	4.43399e-001
3.25000e+000	9.75000e-002	2.21408e-001
3.25000e+000	1.02500e-001	1.11725e-003
3.25000e+000	1.07500e-001	-2.19177e-001
3.25000e+000	1.12500e-001	-4.41179e-001
3.25000e+000	1.17500e-001	-6.66487e-001
3.25000e+000	1.22500e-001	-8.96586e-001
3.25000e+000	1.27500e-001	-1.13302e+000
3.25000e+000	1.32500e-001	-1.37775e+000
3.25000e+000	1.37500e-001	-1.63374e+000
3.25000e+000	1.42500e-001	-1.90566e+000
3.25000e+000	1.47500e-001	-2.20083e+000
3.25000e+000	1.52500e-001	-2.53058e+000
3.25000e+000	1.57500e-001	-2.91219e+000
3.25000e+000	1.62500e-001	-3.37229e+000
3.25000e+000	1.67500e-001	-3.95298e+000
3.25000e+000	1.72500e-001	-4.72365e+000
3.25000e+000	1.77500e-001	-5.80555e+000
3.25000e+000	1.82500e-001	-7.42727e+000
3.25000e+000	1.87500e-001	-1.00601e+001
3.25000e+000	1.92500e-001	-1.47696e+001
3.25000e+000	1.97500e-001	-2.72509e+001

3.75000e+000	2.50000e-003	2.92893e+002
3.75000e+000	7.50000e-003	2.53540e+001
3.75000e+000	1.25000e-002	1.08464e+001
3.75000e+000	1.75000e-002	6.78880e+000
3.75000e+000	2.25000e-002	4.80585e+000
3.75000e+000	2.75000e-002	3.64775e+000
3.75000e+000	3.25000e-002	2.89823e+000
3.75000e+000	3.75000e-002	2.37173e+000
3.75000e+000	4.25000e-002	1.97737e+000
3.75000e+000	4.75000e-002	1.66681e+000
3.75000e+000	5.25000e-002	1.41260e+000
3.75000e+000	5.75000e-002	1.19827e+000
3.75000e+000	6.25000e-002	1.01344e+000
3.75000e+000	6.75000e-002	8.51272e-001
3.75000e+000	7.25000e-002	7.06997e-001
3.75000e+000	7.75000e-002	5.77027e-001
3.75000e+000	8.25000e-002	4.57485e-001
3.75000e+000	8.75000e-002	3.39476e-001
3.75000e+000	9.25000e-002	2.23139e-001
3.75000e+000	9.75000e-002	1.08662e-001
3.75000e+000	1.02500e-001	-4.43404e-003
3.75000e+000	1.07500e-001	-1.16857e-001
3.75000e+000	1.12500e-001	-2.29245e-001
3.75000e+000	1.17500e-001	-3.41918e-001
3.75000e+000	1.22500e-001	-4.55210e-001
3.75000e+000	1.27500e-001	-5.77957e-001
3.75000e+000	1.32500e-001	-7.12505e-001
3.75000e+000	1.37500e-001	-8.61714e-001
3.75000e+000	1.42500e-001	-1.02930e+000
3.75000e+000	1.47500e-001	-1.22034e+000
3.75000e+000	1.52500e-001	-1.44214e+000
3.75000e+000	1.57500e-001	-1.70544e+000
3.75000e+000	1.62500e-001	-2.02631e+000
3.75000e+000	1.67500e-001	-2.42887e+000
3.75000e+000	1.72500e-001	-2.94919e+000
3.75000e+000	1.77500e-001	-3.64307e+000
3.75000e+000	1.82500e-001	-4.61957e+000
3.75000e+000	1.87500e-001	-6.25296e+000
3.75000e+000	1.92500e-001	-1.04106e+001
3.75000e+000	1.97500e-001	-2.76986e+001

4.25000e+000	2.50000e-003	7.49875e+002
4.25000e+000	7.50000e-003	1.41145e+001
4.25000e+000	1.25000e-002	-7.35386e+000
4.25000e+000	1.75000e-002	-1.51001e+001
4.25000e+000	2.25000e-002	-1.95349e+001
4.25000e+000	2.75000e-002	-2.23273e+001
4.25000e+000	3.25000e-002	-2.43564e+001
4.25000e+000	3.75000e-002	-2.60562e+001
4.25000e+000	4.25000e-002	-2.76544e+001
4.25000e+000	4.75000e-002	-2.92807e+001
4.25000e+000	5.25000e-002	-3.10127e+001
4.25000e+000	5.75000e-002	-3.29005e+001
4.25000e+000	6.25000e-002	-3.49805e+001
4.25000e+000	6.75000e-002	-3.72836e+001
4.25000e+000	7.25000e-002	-3.98412e+001
4.25000e+000	7.75000e-002	-4.28389e+001
4.25000e+000	8.25000e-002	-6.72989e-002
4.25000e+000	8.75000e-002	-4.61446e-002
4.25000e+000	9.25000e-002	-2.49607e-002
4.25000e+000	9.75000e-002	-3.75662e-003
4.25000e+000	1.02500e-001	1.74581e-002
4.25000e+000	1.07500e-001	3.86743e-002
4.25000e+000	1.12500e-001	5.98827e-002
4.25000e+000	1.17500e-001	8.10741e-002
4.25000e+000	1.22500e-001	4.26898e+001
4.25000e+000	1.27500e-001	3.97712e+001
4.25000e+000	1.32500e-001	3.70720e+001
4.25000e+000	1.37500e-001	3.46591e+001
4.25000e+000	1.42500e-001	3.24907e+001
4.25000e+000	1.47500e-001	3.05268e+001
4.25000e+000	1.52500e-001	2.87271e+001
4.25000e+000	1.57500e-001	2.70441e+001
4.25000e+000	1.62500e-001	2.54098e+001
4.25000e+000	1.67500e-001	2.37168e+001
4.25000e+000	1.72500e-001	2.17981e+001
4.25000e+000	1.77500e-001	1.94296e+001
4.25000e+000	1.82500e-001	1.63673e+001
4.25000e+000	1.87500e-001	1.22848e+001
4.25000e+000	1.92500e-001	6.60573e+000
4.25000e+000	1.97500e-001	-1.10819e+001

4.75000e+000	2.50000e-003	7.61287e+002
4.75000e+000	7.50000e-003	1.85642e+001
4.75000e+000	1.25000e-002	-6.74311e+000
4.75000e+000	1.75000e-002	-1.68371e+001
4.75000e+000	2.25000e-002	-2.24460e+001
4.75000e+000	2.75000e-002	-2.57067e+001
4.75000e+000	3.25000e-002	-2.77199e+001
4.75000e+000	3.75000e-002	-2.90390e+001
4.75000e+000	4.25000e-002	-3.00085e+001
4.75000e+000	4.75000e-002	-3.08622e+001
4.75000e+000	5.25000e-002	-3.17504e+001
4.75000e+000	5.75000e-002	-3.27633e+001
4.75000e+000	6.25000e-002	-3.39545e+001
4.75000e+000	6.75000e-002	-3.53620e+001
4.75000e+000	7.25000e-002	-3.70288e+001
4.75000e+000	7.75000e-002	-3.90427e+001
4.75000e+000	8.25000e-002	4.67685e-004
4.75000e+000	8.75000e-002	4.67685e-004
4.75000e+000	9.25000e-002	4.67685e-004
4.75000e+000	9.75000e-002	4.67685e-004
4.75000e+000	1.02500e-001	4.67685e-004
4.75000e+000	1.07500e-001	4.67685e-004
4.75000e+000	1.12500e-001	4.67685e-004
4.75000e+000	1.17500e-001	4.67685e-004
4.75000e+000	1.22500e-001	3.91379e+001
4.75000e+000	1.27500e-001	3.70556e+001
4.75000e+000	1.32500e-001	3.51774e+001
4.75000e+000	1.37500e-001	3.35679e+001
4.75000e+000	1.42500e-001	3.21988e+001
4.75000e+000	1.47500e-001	3.10310e+001
4.75000e+000	1.52500e-001	3.00145e+001
4.75000e+000	1.57500e-001	2.90756e+001
4.75000e+000	1.62500e-001	2.80941e+001
4.75000e+000	1.67500e-001	2.68792e+001
4.75000e+000	1.72500e-001	2.51681e+001
4.75000e+000	1.77500e-001	2.26856e+001
4.75000e+000	1.82500e-001	1.91662e+001
4.75000e+000	1.87500e-001	1.40843e+001
4.75000e+000	1.92500e-001	7.23789e+000
4.75000e+000	1.97500e-001	-7.48425e+000

5.25000e+000	2.50000e-003	7.38136e+002
5.25000e+000	7.50000e-003	2.38204e+001
5.25000e+000	1.25000e-002	-4.36439e+000
5.25000e+000	1.75000e-002	-1.53751e+001
5.25000e+000	2.25000e-002	-2.11986e+001
5.25000e+000	2.75000e-002	-2.45845e+001
5.25000e+000	3.25000e-002	-2.67876e+001
5.25000e+000	3.75000e-002	-2.83611e+001
5.25000e+000	4.25000e-002	-2.95959e+001
5.25000e+000	4.75000e-002	-3.06906e+001
5.25000e+000	5.25000e-002	-3.17896e+001
5.25000e+000	5.75000e-002	-3.29933e+001
5.25000e+000	6.25000e-002	-3.43705e+001
5.25000e+000	6.75000e-002	-3.59742e+001
5.25000e+000	7.25000e-002	-3.78666e+001
5.25000e+000	7.75000e-002	-3.99397e+001
5.25000e+000	8.25000e-002	-4.98368e-002
5.25000e+000	8.75000e-002	-3.50249e-002
5.25000e+000	9.25000e-002	-2.03939e-002
5.25000e+000	9.75000e-002	-5.84957e-003
5.25000e+000	1.02500e-001	8.69833e-003
5.25000e+000	1.07500e-001	2.33374e-002
5.25000e+000	1.12500e-001	3.81545e-002
5.25000e+000	1.17500e-001	5.32379e-002
5.25000e+000	1.22500e-001	4.01933e+001
5.25000e+000	1.27500e-001	3.78593e+001
5.25000e+000	1.32500e-001	3.58041e+001
5.25000e+000	1.37500e-001	3.40172e+001
5.25000e+000	1.42500e-001	3.24857e+001
5.25000e+000	1.47500e-001	3.11657e+001
5.25000e+000	1.52500e-001	2.99945e+001
5.25000e+000	1.57500e-001	2.88831e+001
5.25000e+000	1.62500e-001	2.77002e+001
5.25000e+000	1.67500e-001	2.62654e+001
5.25000e+000	1.72500e-001	2.43757e+001
5.25000e+000	1.77500e-001	2.18511e+001
5.25000e+000	1.82500e-001	1.83913e+001
5.25000e+000	1.87500e-001	1.31304e+001
5.25000e+000	1.92500e-001	5.45180e+000
5.25000e+000	1.97500e-001	-9.52187e+000

5.75000e+000	2.50000e-003	4.67351e+002
5.75000e+000	7.50000e-003	2.34562e+001
5.75000e+000	1.25000e-002	2.74369e+000
5.75000e+000	1.75000e-002	-5.79407e+000
5.75000e+000	2.25000e-002	-9.74130e+000
5.75000e+000	2.75000e-002	-1.12536e+001
5.75000e+000	3.25000e-002	-1.15675e+001
5.75000e+000	3.75000e-002	-1.12674e+001
5.75000e+000	4.25000e-002	-1.06337e+001
5.75000e+000	4.75000e-002	-9.81528e+000
5.75000e+000	5.25000e-002	-8.89358e+000
5.75000e+000	5.75000e-002	-7.91180e+000
5.75000e+000	6.25000e-002	-6.89236e+000
5.75000e+000	6.75000e-002	-5.84918e+000
5.75000e+000	7.25000e-002	-4.79640e+000
5.75000e+000	7.75000e-002	-3.75500e+000
5.75000e+000	8.25000e-002	-2.74628e+000
5.75000e+000	8.75000e-002	-1.77738e+000
5.75000e+000	9.25000e-002	-8.47373e-001
5.75000e+000	9.75000e-002	4.36785e-002
5.75000e+000	1.02500e-001	9.08347e-001
5.75000e+000	1.07500e-001	1.76563e+000
5.75000e+000	1.12500e-001	2.63640e+000
5.75000e+000	1.17500e-001	3.53874e+000
5.75000e+000	1.22500e-001	4.48334e+000
5.75000e+000	1.27500e-001	5.44587e+000
5.75000e+000	1.32500e-001	6.39613e+000
5.75000e+000	1.37500e-001	7.32454e+000
5.75000e+000	1.42500e-001	8.22266e+000
5.75000e+000	1.47500e-001	9.08123e+000
5.75000e+000	1.52500e-001	9.88424e+000
5.75000e+000	1.57500e-001	1.05995e+001
5.75000e+000	1.62500e-001	1.11658e+001
5.75000e+000	1.67500e-001	1.14798e+001
5.75000e+000	1.72500e-001	1.13906e+001
5.75000e+000	1.77500e-001	1.06789e+001
5.75000e+000	1.82500e-001	8.89190e+000
5.75000e+000	1.87500e-001	5.04433e+000
5.75000e+000	1.92500e-001	-1.65691e+000
5.75000e+000	1.97500e-001	-1.62086e+001

6.25000e+000	2.50000e-003	3.80243e+002
6.25000e+000	7.50000e-003	2.35694e+001
6.25000e+000	1.25000e-002	9.75927e+000
6.25000e+000	1.75000e-002	1.42124e+000
6.25000e+000	2.25000e-002	-3.32528e+000
6.25000e+000	2.75000e-002	-5.11589e+000
6.25000e+000	3.25000e-002	-5.52916e+000
6.25000e+000	3.75000e-002	-5.39584e+000
6.25000e+000	4.25000e-002	-5.04164e+000
6.25000e+000	4.75000e-002	-4.59557e+000
6.25000e+000	5.25000e-002	-4.11107e+000
6.25000e+000	5.75000e-002	-3.61062e+000
6.25000e+000	6.25000e-002	-3.10403e+000
6.25000e+000	6.75000e-002	-2.59674e+000
6.25000e+000	7.25000e-002	-2.09371e+000
6.25000e+000	7.75000e-002	-1.60079e+000
6.25000e+000	8.25000e-002	-1.12414e+000
6.25000e+000	8.75000e-002	-6.67427e-001
6.25000e+000	9.25000e-002	-2.29660e-001
6.25000e+000	9.75000e-002	1.94019e-001
6.25000e+000	1.02500e-001	6.10639e-001
6.25000e+000	1.07500e-001	1.02773e+000
6.25000e+000	1.12500e-001	1.45179e+000
6.25000e+000	1.17500e-001	1.88664e+000
6.25000e+000	1.22500e-001	2.33134e+000
6.25000e+000	1.27500e-001	2.77975e+000
6.25000e+000	1.32500e-001	3.22493e+000
6.25000e+000	1.37500e-001	3.66264e+000
6.25000e+000	1.42500e-001	4.09026e+000
6.25000e+000	1.47500e-001	4.50477e+000
6.25000e+000	1.52500e-001	4.89943e+000
6.25000e+000	1.57500e-001	5.25802e+000
6.25000e+000	1.62500e-001	5.54415e+000
6.25000e+000	1.67500e-001	5.68067e+000
6.25000e+000	1.72500e-001	5.50574e+000
6.25000e+000	1.77500e-001	4.65560e+000
6.25000e+000	1.82500e-001	2.24942e+000
6.25000e+000	1.87500e-001	-3.13085e+000
6.25000e+000	1.92500e-001	-1.11983e+001
6.25000e+000	1.97500e-001	-2.63000e+001

6.75000e+000	2.50000e-003	3.06306e+002
6.75000e+000	7.50000e-003	3.00034e+001
6.75000e+000	1.25000e-002	1.77178e+001
6.75000e+000	1.75000e-002	9.67212e+000
6.75000e+000	2.25000e-002	2.48616e+000
6.75000e+000	2.75000e-002	-1.16346e+000
6.75000e+000	3.25000e-002	-2.39419e+000
6.75000e+000	3.75000e-002	-2.70794e+000
6.75000e+000	4.25000e-002	-2.68232e+000
6.75000e+000	4.75000e-002	-2.51429e+000
6.75000e+000	5.25000e-002	-2.27920e+000
6.75000e+000	5.75000e-002	-2.01027e+000
6.75000e+000	6.25000e-002	-1.72445e+000
6.75000e+000	6.75000e-002	-1.43183e+000
6.75000e+000	7.25000e-002	-1.13930e+000
6.75000e+000	7.75000e-002	-8.51702e-001
6.75000e+000	8.25000e-002	-5.72029e-001
6.75000e+000	8.75000e-002	-3.01265e-001
6.75000e+000	9.25000e-002	-3.84939e-002
6.75000e+000	9.75000e-002	2.18540e-001
6.75000e+000	1.02500e-001	4.72723e-001
6.75000e+000	1.07500e-001	7.26896e-001
6.75000e+000	1.12500e-001	9.83244e-001
6.75000e+000	1.17500e-001	1.24276e+000
6.75000e+000	1.22500e-001	1.50482e+000
6.75000e+000	1.27500e-001	1.76712e+000
6.75000e+000	1.32500e-001	2.02614e+000
6.75000e+000	1.37500e-001	2.27769e+000
6.75000e+000	1.42500e-001	2.51685e+000
6.75000e+000	1.47500e-001	2.73702e+000
6.75000e+000	1.52500e-001	2.92760e+000
6.75000e+000	1.57500e-001	3.06868e+000
6.75000e+000	1.62500e-001	3.11910e+000
6.75000e+000	1.67500e-001	2.98624e+000
6.75000e+000	1.72500e-001	2.44106e+000
6.75000e+000	1.77500e-001	8.64062e-001
6.75000e+000	1.82500e-001	-3.18703e+000
6.75000e+000	1.87500e-001	-1.02650e+001
6.75000e+000	1.92500e-001	-1.75823e+001
6.75000e+000	1.97500e-001	-3.02027e+001

7.25000e+000	2.50000e-003	2.67017e+002
7.25000e+000	7.50000e-003	3.11257e+001
7.25000e+000	1.25000e-002	1.87829e+001
7.25000e+000	1.75000e-002	1.30318e+001
7.25000e+000	2.25000e-002	7.66470e+000
7.25000e+000	2.75000e-002	3.34427e+000
7.25000e+000	3.25000e-002	8.75097e-001
7.25000e+000	3.75000e-002	-3.16724e-001
7.25000e+000	4.25000e-002	-8.52198e-001
7.25000e+000	4.75000e-002	-1.05909e+000
7.25000e+000	5.25000e-002	-1.09383e+000
7.25000e+000	5.75000e-002	-1.03403e+000
7.25000e+000	6.25000e-002	-9.20836e-001
7.25000e+000	6.75000e-002	-7.77524e-001
7.25000e+000	7.25000e-002	-6.17946e-001
7.25000e+000	7.75000e-002	-4.50530e-001
7.25000e+000	8.25000e-002	-2.80279e-001
7.25000e+000	8.75000e-002	-1.09892e-001
7.25000e+000	9.25000e-002	5.94886e-002
7.25000e+000	9.75000e-002	2.27674e-001
7.25000e+000	1.02500e-001	3.94936e-001
7.25000e+000	1.07500e-001	5.61588e-001
7.25000e+000	1.12500e-001	7.27619e-001
7.25000e+000	1.17500e-001	8.92376e-001
7.25000e+000	1.22500e-001	1.05427e+000
7.25000e+000	1.27500e-001	1.21052e+000
7.25000e+000	1.32500e-001	1.35685e+000
7.25000e+000	1.37500e-001	1.48704e+000
7.25000e+000	1.42500e-001	1.59188e+000
7.25000e+000	1.47500e-001	1.65708e+000
7.25000e+000	1.52500e-001	1.65885e+000
7.25000e+000	1.57500e-001	1.55470e+000
7.25000e+000	1.62500e-001	1.26372e+000
7.25000e+000	1.67500e-001	6.23063e-001
7.25000e+000	1.72500e-001	-7.02934e-001
7.25000e+000	1.77500e-001	-3.33558e+000
7.25000e+000	1.82500e-001	-7.79895e+000
7.25000e+000	1.87500e-001	-1.31473e+001
7.25000e+000	1.92500e-001	-1.89233e+001
7.25000e+000	1.97500e-001	-3.17249e+001

7.75000e+000	2.50000e-003	2.53442e+002
7.75000e+000	7.50000e-003	2.91807e+001
7.75000e+000	1.25000e-002	1.70898e+001
7.75000e+000	1.75000e-002	1.24928e+001
7.75000e+000	2.25000e-002	9.11283e+000
7.75000e+000	2.75000e-002	6.20842e+000
7.75000e+000	3.25000e-002	3.88127e+000
7.75000e+000	3.75000e-002	2.23020e+000
7.75000e+000	4.25000e-002	1.15866e+000
7.75000e+000	4.75000e-002	5.01200e-001
7.75000e+000	5.25000e-002	1.17565e-001
7.75000e+000	5.75000e-002	-8.91438e-002
7.75000e+000	6.25000e-002	-1.81912e-001
7.75000e+000	6.75000e-002	-2.01332e-001
7.75000e+000	7.25000e-002	-1.73656e-001
7.75000e+000	7.75000e-002	-1.15928e-001
7.75000e+000	8.25000e-002	-3.92319e-002
7.75000e+000	8.75000e-002	4.92055e-002
7.75000e+000	9.25000e-002	1.44628e-001
7.75000e+000	9.75000e-002	2.43793e-001
7.75000e+000	1.02500e-001	3.44282e-001
7.75000e+000	1.07500e-001	4.43969e-001
7.75000e+000	1.12500e-001	5.40571e-001
7.75000e+000	1.17500e-001	6.31214e-001
7.75000e+000	1.22500e-001	7.11966e-001
7.75000e+000	1.27500e-001	7.77238e-001
7.75000e+000	1.32500e-001	8.18950e-001
7.75000e+000	1.37500e-001	8.25254e-001
7.75000e+000	1.42500e-001	7.78501e-001
7.75000e+000	1.47500e-001	6.51959e-001
7.75000e+000	1.52500e-001	4.04517e-001
7.75000e+000	1.57500e-001	-2.77787e-002
7.75000e+000	1.62500e-001	-7.44303e-001
7.75000e+000	1.67500e-001	-1.89160e+000
7.75000e+000	1.72500e-001	-3.64665e+000
7.75000e+000	1.77500e-001	-6.11515e+000
7.75000e+000	1.82500e-001	-9.18168e+000
7.75000e+000	1.87500e-001	-1.27144e+001
7.75000e+000	1.92500e-001	-1.75043e+001
7.75000e+000	1.97500e-001	-3.00049e+001

8.25000e+000	2.50000e-003	2.47157e+002
8.25000e+000	7.50000e-003	2.77596e+001
8.25000e+000	1.25000e-002	1.59640e+001
8.25000e+000	1.75000e-002	1.17348e+001
8.25000e+000	2.25000e-002	9.07681e+000
8.25000e+000	2.75000e-002	7.04090e+000
8.25000e+000	3.25000e-002	5.34100e+000
8.25000e+000	3.75000e-002	3.92816e+000
8.25000e+000	4.25000e-002	2.80623e+000
8.25000e+000	4.75000e-002	1.95865e+000
8.25000e+000	5.25000e-002	1.34416e+000
8.25000e+000	5.75000e-002	9.13711e-001
8.25000e+000	6.25000e-002	6.22248e-001
8.25000e+000	6.75000e-002	4.33088e-001
8.25000e+000	7.25000e-002	3.18052e-001
8.25000e+000	7.75000e-002	2.56040e-001
8.25000e+000	8.25000e-002	2.31387e-001
8.25000e+000	8.75000e-002	2.32446e-001
8.25000e+000	9.25000e-002	2.50440e-001
8.25000e+000	9.75000e-002	2.78538e-001
8.25000e+000	1.02500e-001	3.11078e-001
8.25000e+000	1.07500e-001	3.42907e-001
8.25000e+000	1.12500e-001	3.68767e-001
8.25000e+000	1.17500e-001	3.82689e-001
8.25000e+000	1.22500e-001	3.77332e-001
8.25000e+000	1.27500e-001	3.43220e-001
8.25000e+000	1.32500e-001	2.67839e-001
8.25000e+000	1.37500e-001	1.34521e-001
8.25000e+000	1.42500e-001	-7.89370e-002
8.25000e+000	1.47500e-001	-4.02004e-001
8.25000e+000	1.52500e-001	-8.73245e-001
8.25000e+000	1.57500e-001	-1.54088e+000
8.25000e+000	1.62500e-001	-2.45885e+000
8.25000e+000	1.67500e-001	-3.67384e+000
8.25000e+000	1.72500e-001	-5.20399e+000
8.25000e+000	1.77500e-001	-7.03686e+000
8.25000e+000	1.82500e-001	-9.20613e+000
8.25000e+000	1.87500e-001	-1.19942e+001
8.25000e+000	1.92500e-001	-1.63771e+001
8.25000e+000	1.97500e-001	-2.85183e+001

8.75000e+000	2.50000e-003	2.43455e+002
8.75000e+000	7.50000e-003	2.70564e+001
8.75000e+000	1.25000e-002	1.53849e+001
8.75000e+000	1.75000e-002	1.12521e+001
8.75000e+000	2.25000e-002	8.84251e+000
8.75000e+000	2.75000e-002	7.16397e+000
8.75000e+000	3.25000e-002	5.84395e+000
8.75000e+000	3.75000e-002	4.73546e+000
8.75000e+000	4.25000e-002	3.78712e+000
8.75000e+000	4.75000e-002	2.98592e+000
8.75000e+000	5.25000e-002	2.32716e+000
8.75000e+000	5.75000e-002	1.80121e+000
8.75000e+000	6.25000e-002	1.39192e+000
8.75000e+000	6.75000e-002	1.07998e+000
8.75000e+000	7.25000e-002	8.46320e-001
8.75000e+000	7.75000e-002	6.73878e-001
8.75000e+000	8.25000e-002	5.48116e-001
8.75000e+000	8.75000e-002	4.56826e-001
8.75000e+000	9.25000e-002	3.89661e-001
8.75000e+000	9.75000e-002	3.37608e-001
8.75000e+000	1.02500e-001	2.92463e-001
8.75000e+000	1.07500e-001	2.46341e-001
8.75000e+000	1.12500e-001	1.91197e-001
8.75000e+000	1.17500e-001	1.18361e-001
8.75000e+000	1.22500e-001	1.80915e-002
8.75000e+000	1.27500e-001	-1.20877e-001
8.75000e+000	1.32500e-001	-3.11807e-001
8.75000e+000	1.37500e-001	-5.70439e-001
8.75000e+000	1.42500e-001	-9.15306e-001
8.75000e+000	1.47500e-001	-1.36738e+000
8.75000e+000	1.52500e-001	-1.94830e+000
8.75000e+000	1.57500e-001	-2.67639e+000
8.75000e+000	1.62500e-001	-3.56167e+000
8.75000e+000	1.67500e-001	-4.60551e+000
8.75000e+000	1.72500e-001	-5.81410e+000
8.75000e+000	1.77500e-001	-7.23207e+000
8.75000e+000	1.82500e-001	-9.00425e+000
8.75000e+000	1.87500e-001	-1.15093e+001
8.75000e+000	1.92500e-001	-1.57581e+001
8.75000e+000	1.97500e-001	-2.77124e+001

9.25000e+000	2.50000e-003	2.41712e+002
9.25000e+000	7.50000e-003	2.65301e+001
9.25000e+000	1.25000e-002	1.50212e+001
9.25000e+000	1.75000e-002	1.09619e+001
9.25000e+000	2.25000e-002	8.65692e+000
9.25000e+000	2.75000e-002	7.12475e+000
9.25000e+000	3.25000e-002	5.98345e+000
9.25000e+000	3.75000e-002	5.06137e+000
9.25000e+000	4.25000e-002	4.27676e+000
9.25000e+000	4.75000e-002	3.59182e+000
9.25000e+000	5.25000e-002	2.99117e+000
9.25000e+000	5.75000e-002	2.46949e+000
9.25000e+000	6.25000e-002	2.02387e+000
9.25000e+000	6.75000e-002	1.64979e+000
9.25000e+000	7.25000e-002	1.34000e+000
9.25000e+000	7.75000e-002	1.08514e+000
9.25000e+000	8.25000e-002	8.74961e-001
9.25000e+000	8.75000e-002	6.99222e-001
9.25000e+000	9.25000e-002	5.48123e-001
9.25000e+000	9.75000e-002	4.12383e-001
9.25000e+000	1.02500e-001	2.83101e-001
9.25000e+000	1.07500e-001	1.51539e-001
9.25000e+000	1.12500e-001	8.88244e-003
9.25000e+000	1.17500e-001	-1.54009e-001
9.25000e+000	1.22500e-001	-3.46845e-001
9.25000e+000	1.27500e-001	-5.80107e-001
9.25000e+000	1.32500e-001	-8.65035e-001
9.25000e+000	1.37500e-001	-1.21317e+000
9.25000e+000	1.42500e-001	-1.63518e+000
9.25000e+000	1.47500e-001	-2.13910e+000
9.25000e+000	1.52500e-001	-2.72878e+000
9.25000e+000	1.57500e-001	-3.40450e+000
9.25000e+000	1.62500e-001	-4.16742e+000
9.25000e+000	1.67500e-001	-5.02866e+000
9.25000e+000	1.72500e-001	-6.02313e+000
9.25000e+000	1.77500e-001	-7.23207e+000
9.25000e+000	1.82500e-001	-8.82945e+000
9.25000e+000	1.87500e-001	-1.12033e+001
9.25000e+000	1.92500e-001	-1.53482e+001
9.25000e+000	1.97500e-001	-2.70814e+001

9.75000e+000	2.50000e-003	2.35017e+002
9.75000e+000	7.50000e-003	2.79879e+001
9.75000e+000	1.25000e-002	1.57013e+001
9.75000e+000	1.75000e-002	1.11677e+001
9.75000e+000	2.25000e-002	8.71660e+000
9.75000e+000	2.75000e-002	7.15949e+000
9.75000e+000	3.25000e-002	6.05129e+000
9.75000e+000	3.75000e-002	5.19339e+000
9.75000e+000	4.25000e-002	4.48647e+000
9.75000e+000	4.75000e-002	3.87788e+000
9.75000e+000	5.25000e-002	3.33958e+000
9.75000e+000	5.75000e-002	2.85739e+000
9.75000e+000	6.25000e-002	2.42478e+000
9.75000e+000	6.75000e-002	2.03869e+000
9.75000e+000	7.25000e-002	1.69670e+000
9.75000e+000	7.75000e-002	1.39530e+000
9.75000e+000	8.25000e-002	1.12928e+000
9.75000e+000	8.75000e-002	8.91869e-001
9.75000e+000	9.25000e-002	6.75372e-001
9.75000e+000	9.75000e-002	4.71681e-001
9.75000e+000	1.02500e-001	2.72655e-001
9.75000e+000	1.07500e-001	7.02287e-002
9.75000e+000	1.12500e-001	-1.43688e-001
9.75000e+000	1.17500e-001	-3.77368e-001
9.75000e+000	1.22500e-001	-6.39323e-001
9.75000e+000	1.27500e-001	-9.38016e-001
9.75000e+000	1.32500e-001	-1.28106e+000
9.75000e+000	1.37500e-001	-1.67404e+000
9.75000e+000	1.42500e-001	-2.11964e+000
9.75000e+000	1.47500e-001	-2.61793e+000
9.75000e+000	1.52500e-001	-3.16854e+000
9.75000e+000	1.57500e-001	-3.77448e+000
9.75000e+000	1.62500e-001	-4.44726e+000
9.75000e+000	1.67500e-001	-5.21360e+000
9.75000e+000	1.72500e-001	-6.12628e+000
9.75000e+000	1.77500e-001	-7.28618e+000
9.75000e+000	1.82500e-001	-8.89502e+000
9.75000e+000	1.87500e-001	-1.14036e+001
9.75000e+000	1.92500e-001	-1.60116e+001
9.75000e+000	1.97500e-001	-2.84847e+001

