0.00000e+000	5.00000e-003	3.25779e-001	0.00000e+000	0.00000e+000	1.00000e+000	1.00000e+000	2.00000e-005	9.10000e-004	1.00000e-003	1.00000e-004	9.02467e+000	9.02467e+000	9.02467e+000	-1.#IND0e+000	1.30311e-003	1.#QNANe+000	9.20000e-004	2.73000e+002
0.00000e+000	1.50000e-002	3.81198e-001	0.00000e+000	0.00000e+000	1.00000e+000	1.00000e+000	2.00000e-005	9.10000e-004	1.00000e-003	1.00000e-004	9.76215e+000	9.76215e+000	9.76215e+000	-1.#IND0e+000	1.52479e-003	1.#QNANe+000	9.20000e-004	2.73000e+002
0.00000e+000	2.50000e-002	4.10086e-001	0.00000e+000	0.00000e+000	1.00000e+000	1.00000e+000	2.00000e-005	9.10000e-004	1.00000e-003	1.00000e-004	1.01253e+001	1.01253e+001	1.01253e+001	-1.#IND0e+000	1.64035e-003	1.#QNANe+000	9.20000e-004	2.73000e+002
0.00000e+000	3.50000e-002	4.30300e-001	0.00000e+000	0.00000e+000	1.00000e+000	1.00000e+000	2.00000e-005	9.10000e-004	1.00000e-003	1.00000e-004	1.03718e+001	1.03718e+001	1.03718e+001	-1.#IND0e+000	1.72120e-003	1.#QNANe+000	9.20000e-004	2.73000e+002
0.00000e+000	4.50000e-002	4.46046e-001	0.00000e+000	0.00000e+000	1.00000e+000	1.00000e+000	2.00000e-005	9.10000e-004	1.00000e-003	1.00000e-004	1.05599e+001	1.05599e+001	1.05599e+001	-1.#IND0e+000	1.78418e-003	1.#QNANe+000	9.20000e-004	2.73000e+002
0.00000e+000	5.50000e-002	4.59031e-001	0.00000e+000	0.00000e+000	1.00000e+000	1.00000e+000	2.00000e-005	9.10000e-004	1.00000e-003	1.00000e-004	1.07125e+001	1.07125e+001	1.07125e+001	-1.#IND0e+000	1.83612e-003	1.#QNANe+000	9.20000e-004	2.73000e+002
0.00000e+000	6.50000e-002	4.70129e-001	0.00000e+000	0.00000e+000	1.00000e+000	1.00000e+000	2.00000e-005	9.10000e-004	1.00000e-003	1.00000e-004	1.08412e+001	1.08412e+001	1.08412e+001	-1.#IND0e+000	1.88051e-003	1.#QNANe+000	9.20000e-004	2.73000e+002
0.00000e+000	7.50000e-002	4.79848e-001	0.00000e+000	0.00000e+000	1.00000e+000	1.00000e+000	2.00000e-005	9.10000e-004	1.00000e-003	1.00000e-004	1.09527e+001	1.09527e+001	1.09527e+001	-1.#IND0e+000	1.91939e-003	1.#QNANe+000	9.20000e-004	2.73000e+002
0.00000e+000	8.50000e-002	4.88514e-001	0.00000e+000	0.00000e+000	1.00000e+000	1.00000e+000	2.00000e-005	9.10000e-004	1.00000e-003	1.00000e-004	1.10512e+001	1.10512e+001	1.10512e+001	-1.#IND0e+000	1.95406e-003	1.#QNANe+000	9.20000e-004	2.73000e+002
0.00000e+000	9.50000e-002	4.96346e-001	0.00000e+000	0.00000e+000	1.00000e+000	1.00000e+000	2.00000e-005	9.10000e-004	1.00000e-003	1.00000e-004	1.11394e+001	1.11394e+001	1.11394e+001	-1.#IND0e+000	1.98538e-003	1.#QNANe+000	9.20000e-004	2.73000e+002
0.00000e+000	1.05000e-001	4.96346e-001	0.00000e+000	0.00000e+000	0.00000e+000	1.00000e+000	2.00000e-005	9.10000e-004	1.00000e-003	1.00000e-004	1.11394e+001	1.11394e+001	1.11394e+001	-1.#IND0e+000	1.98538e-003	1.#QNANe+000	9.20000e-004	2.73000e+002
0.00000e+000	1.15000e-001	4.88514e-001	0.00000e+000	0.00000e+000	0.00000e+000	1.00000e+000	2.00000e-005	9.10000e-004	1.00000e-003	1.00000e-004	1.10512e+001	1.10512e+001	1.10512e+001	-1.#IND0e+000	1.95406e-003	1.#QNANe+000	9.20000e-004	2.73000e+002
0.00000e+000	1.25000e-001	4.79848e-001	0.00000e+000	0.00000e+000	0.00000e+000	1.00000e+000	2.00000e-005	9.10000e-004	1.00000e-003	1.00000e-004	1.09527e+001	1.09527e+001	1.09527e+001	-1.#IND0e+000	1.91939e-003	1.#QNANe+000	9.20000e-004	2.73000e+002
0.00000e+000	1.35000e-001	4.70129e-001	0.00000e+000	0.00000e+000	0.00000e+000	1.00000e+000	2.00000e-005	9.10000e-004	1.00000e-003	1.00000e-004	1.08412e+001	1.08412e+001	1.08412e+001	-1.#IND0e+000	1.88051e-003	1.#QNANe+000	9.20000e-004	2.73000e+002
0.00000e+000	1.45000e-001	4.59031e-001	0.00000e+000	0.00000e+000	0.00000e+000	1.00000e+000	2.00000e-005	9.10000e-004	1.00000e-003	1.00000e-004	1.07125e+001	1.07125e+001	1.07125e+001	-1.#IND0e+000	1.83612e-003	1.#QNANe+000	9.20000e-004	2.73000e+002
0.00000e+000	1.55000e-001	4.46046e-001	0.00000e+000	0.00000e+000	0.00000e+000	1.00000e+000	2.00000e-005	9.10000e-004	1.00000e-003	1.00000e-004	1.05599e+001	1.05599e+001	1.05599e+001	-1.#IND0e+000	1.78418e-003	1.#QNANe+000	9.20000e-004	2.73000e+002
0.00000e+000	1.65000e-001	4.30300e-001	0.00000e+000	0.00000e+000	0.00000e+000	1.00000e+000	2.00000e-005	9.10000e-004	1.00000e-003	1.00000e-004	1.03718e+001	1.03718e+001	1.03718e+001	-1.#IND0e+000	1.72120e-003	1.#QNANe+000	9.20000e-004	2.73000e+002
0.00000e+000	1.75000e-001	4.10086e-001	0.00000e+000	0.00000e+000	0.00000e+000	1.00000e+000	2.00000e-005	9.10000e-004	1.00000e-003	1.00000e-004	1.01253e+001	1.01253e+001	1.01253e+001	-1.#IND0e+000	1.64035e-003	1.#QNANe+000	9.20000e-004	2.73000e+002
0.00000e+000	1.85000e-001	3.81198e-001	0.00000e+000	0.00000e+000	0.00000e+000	1.00000e+000	2.00000e-005	9.10000e-004	1.00000e-003	1.00000e-004	9.76215e+000	9.76215e+000	9.76215e+000	-1.#IND0e+000	1.52479e-003	1.#QNANe+000	9.20000e-004	2.73000e+002
0.00000e+000	1.95000e-001	3.25779e-001	0.00000e+000	0.00000e+000	0.00000e+000	1.00000e+000	2.00000e-005	9.10000e-004	1.00000e-003	1.00000e-004	9.02467e+000	9.02467e+000	9.02467e+000	-1.#IND0e+000	1.30311e-003	1.#QNANe+000	9.20000e-004	2.73000e+002

2.50000e-002	5.00000e-003	3.20614e-001	1.03289e-003	9.62432e-003	1.00000e+000	1.00000e+000	2.00000e-005	2.83213e-005	1.66667e-005	1.59719e-006	8.95285e+000	8.95285e+000	8.95285e+000	-1.#IND0e+000	1.28246e-003	8.26315e-007	3.83213e-005	2.73000e+002
2.50000e-002	1.50000e-002	3.81717e-001	1.96199e-003	8.97500e-003	1.00000e+000	1.00000e+000	2.00000e-005	4.24372e-005	1.66667e-005	1.59719e-006	9.76879e+000	9.76879e+000	9.76879e+000	-1.#IND0e+000	1.52687e-003	1.56959e-006	5.24372e-005	2.73000e+002
2.50000e-002	2.50000e-002	4.11030e-001	1.66943e-003	8.57303e-003	1.00000e+000	1.00000e+000	2.00000e-005	4.51645e-005	1.66667e-005	1.59719e-006	1.01369e+001	1.01369e+001	1.01369e+001	-1.#IND0e+000	1.64412e-003	1.33554e-006	5.51645e-005	2.73000e+002
2.50000e-002	3.50000e-002	4.31140e-001	1.31281e-003	8.27406e-003	1.00000e+000	1.00000e+000	2.00000e-005	4.63801e-005	1.66667e-005	1.59719e-006	1.03820e+001	1.03820e+001	1.03820e+001	-1.#IND0e+000	1.72456e-003	1.05025e-006	5.63801e-005	2.73000e+002
2.50000e-002	4.50000e-002	4.46749e-001	1.00431e-003	8.03918e-003	1.00000e+000	1.00000e+000	2.00000e-005	4.72167e-005	1.66667e-005	1.59719e-006	1.05682e+001	1.05682e+001	1.05682e+001	-1.#IND0e+000	1.78700e-003	8.03447e-007	5.72167e-005	2.73000e+002
2.50000e-002	5.50000e-002	4.59635e-001	7.42760e-004	7.85017e-003	1.00000e+000	1.00000e+000	2.00000e-005	4.78697e-005	1.66667e-005	1.59719e-006	1.07196e+001	1.07196e+001	1.07196e+001	-1.#IND0e+000	1.83854e-003	5.94208e-007	5.78697e-005	2.73000e+002
2.50000e-002	6.50000e-002	4.70657e-001	5.16224e-004	7.69756e-003	9.99996e-001	1.00000e+000	2.00000e-005	4.84108e-005	1.66667e-005	1.59719e-006	1.08473e+001	1.08473e+001	1.08473e+001	-1.#IND0e+000	1.88263e-003	4.12979e-007	5.84108e-005	2.73000e+002
2.50000e-002	7.50000e-002	4.80313e-001	3.17541e-004	7.57540e-003	9.99909e-001	1.00000e+000	2.00000e-005	4.88751e-005	1.66667e-005	1.59719e-006	1.09580e+001	1.09580e+001	1.09580e+001	-1.#IND0e+000	1.92125e-003	2.54033e-007	5.88751e-005	2.73000e+002
2.50000e-002	8.50000e-002	4.88915e-001	1.44328e-004	7.47948e-003	9.98005e-001	1.00000e+000	2.00000e-005	4.92850e-005	1.66667e-005	1.59719e-006	1.10557e+001	1.10557e+001	1.10557e+001	-1.#IND0e+000	1.95566e-003	1.15463e-007	5.92850e-005	2.73000e+002
2.50000e-002	9.50000e-002	4.96506e-001	3.20771e-005	7.40648e-003	9.56404e-001	1.00000e+000	2.00000e-005	4.96811e-005	1.66667e-005	1.59719e-006	1.11412e+001	1.11412e+001	1.11412e+001	-1.#IND0e+000	1.98603e-003	2.56617e-008	5.96811e-005	2.73000e+002
2.50000e-002	1.05000e-001	4.96506e-001	-3.20771e-005	7.40648e-003	4.35960e-002	1.00000e+000	2.00000e-005	4.96811e-005	1.66667e-005	1.59719e-006	1.11412e+001	1.11412e+001	1.11412e+001	-1.#IND0e+000	1.98603e-003	-2.56617e-008	5.96811e-005	2.73000e+002
2.50000e-002	1.15000e-001	4.88915e-001	-1.44328e-004	7.47948e-003	1.99537e-003	1.00000e+000	2.00000e-005	4.92850e-005	1.66667e-005	1.59719e-006	1.10557e+001	1.10557e+001	1.10557e+001	-1.#IND0e+000	1.95566e-003	-1.15463e-007	5.92850e-005	2.73000e+002
2.50000e-002	1.25000e-001	4.80313e-001	-3.17541e-004	7.57540e-003	9.06108e-005	1.00000e+000	2.00000e-005	4.88751e-005	1.66667e-005	1.59719e-006	1.09580e+001	1.09580e+001	1.09580e+001	-1.#IND0e+000	1.92125e-003	-2.54033e-007	5.88751e-005	2.73000e+002
2.50000e-002	1.35000e-001	4.70657e-001	-5.16224e-004	7.69756e-003	4.07550e-006	1.00000e+000	2.00000e-005	4.84108e-005	1.66667e-005	1.59719e-006	1.08473e+001	1.08473e+001	1.08473e+001	-1.#IND0e+000	1.88263e-003	-4.12979e-007	5.84108e-005	2.73000e+002
2.50000e-002	1.45000e-001	4.59635e-001	-7.42760e-004	7.85017e-003	1.81220e-007	1.00000e+000	2.00000e-005	4.78697e-005	1.66667e-005	1.59719e-006	1.07196e+001	1.07196e+001	1.07196e+001	-1.#IND0e+000	1.83854e-003	-5.94208e-007	5.78697e-005	2.73000e+002
2.50000e-002	1.55000e-001	4.46749e-001	-1.00431e-003	8.03918e-003	7.94750e-009	1.00000e+000	2.00000e-005	4.72167e-005	1.66667e-005	1.59719e-006	1.05682e+001	1.05682e+001	1.05682e+001	-1.#IND0e+000	1.78700e-003	-8.03447e-007	5.72167e-005	2.73000e+002
2.50000e-002	1.65000e-001	4.31140e-001	-1.31281e-003	8.27406e-003	3.42645e-010	1.00000e+000	2.00000e-005	4.63801e-005	1.66667e-005	1.59719e-006	1.03820e+001	1.03820e+001	1.03820e+001	-1.#IND0e+000	1.72456e-003	-1.05025e-006	5.63801e-005	2.73000e+002
2.50000e-002	1.75000e-001	4.11030e-001	-1.66943e-003	8.57303e-003	1.44536e-011	1.00000e+000	2.00000e-005	4.51645e-005	1.66667e-005	1.59719e-006	1.01369e+001	1.01369e+001	1.01369e+001	-1.#IND0e+000	1.64412e-003	-1.33554e-006	5.51645e-005	2.73000e+002
2.50000e-002	1.85000e-001	3.81717e-001	-1.96199e-003	8.97500e-003	5.93344e-013	1.00000e+000	2.00000e-005	4.24372e-005	1.66667e-005	1.59719e-006	9.76879e+000	9.76879e+000	9.76879e+000	-1.#IND0e+000	1.52687e-003	-1.56959e-006	5.24372e-005	2.73000e+002
2.50000e-002	1.95000e-001	3.20614e-001	-1.03289e-003	9.62432e-003	2.07761e-014	1.00000e+000	2.00000e-005	2.83213e-005	1.66667e-005	1.59719e-006	8.95285e+000	8.95285e+000	8.95285e+000	-1.#IND0e+000	1.28246e-003	-8.26315e-007	3.83213e-005	2.73000e+002

7.50000e-002	5.00000e-003	3.08941e-001	1.30172e-003	7.48895e-003	1.00000e+000	1.00000e+000	2.00000e-005	1.73303e-005	4.08673e-005	2.05056e-005	8.78836e+000	8.78836e+000	8.78836e+000	-1.#IND0e+000	1.23576e-003	1.04138e-006	2.73303e-005	2.73000e+002
7.50000e-002	1.50000e-002	3.82062e-001	2.63832e-003	7.37486e-003	1.00000e+000	1.00000e+000	2.00000e-005	2.34525e-005	1.32408e-004	1.17292e-004	9.77320e+000	9.77320e+000	9.77320e+000	-1.#IND0e+000	1.52825e-003	2.11066e-006	3.34525e-005	2.73000e+002
7.50000e-002	2.50000e-002	4.12811e-001	2.50578e-003	7.33880e-003	1.00000e+000	1.00000e+000	2.00000e-005	3.62162e-005	8.16617e-005	2.28934e-005	1.01589e+001	1.01589e+001	1.01589e+001	-1.#IND0e+000	1.65125e-003	2.00462e-006	4.62162e-005	2.73000e+002
7.50000e-002	3.50000e-002	4.32928e-001	2.14861e-003	7.27379e-003	1.00000e+000	1.00000e+000	2.00000e-005	5.00917e-005	6.94500e-005	1.08276e-005	1.04035e+001	1.04035e+001	1.04035e+001	-1.#IND0e+000	1.73171e-003	1.71889e-006	6.00917e-005	2.73000e+002
7.50000e-002	4.50000e-002	4.48357e-001	1.77790e-003	7.21046e-003	1.00000e+000	1.00000e+000	2.00000e-005	5.32698e-005	6.00760e-005	7.50688e-006	1.05872e+001	1.05872e+001	1.05872e+001	-1.#IND0e+000	1.79343e-003	1.42232e-006	6.32698e-005	2.73000e+002
7.50000e-002	5.50000e-002	4.61116e-001	1.42160e-003	7.14970e-003	9.99999e-001	1.00000e+000	2.00000e-005	5.31383e-005	5.44642e-005	6.18872e-006	1.07368e+001	1.07368e+001	1.07368e+001	-1.#IND0e+000	1.84447e-003	1.13728e-006	6.31383e-005	2.73000e+002
7.50000e-002	6.50000e-002	4.72041e-001	1.07499e-003	7.09525e-003	9.99981e-001	1.00000e+000	2.00000e-005	5.26003e-005	5.12266e-005	5.54397e-006	1.08633e+001	1.08633e+001	1.08633e+001	-1.#IND0e+000	1.88817e-003	8.59995e-007	6.26003e-005	2.73000e+002
7.50000e-002	7.50000e-002	4.81614e-001	7.36527e-004	7.05071e-003	9.99659e-001	1.00000e+000	2.00000e-005	5.21818e-005	4.92789e-005	5.18130e-006	1.09729e+001	1.09729e+001	1.09729e+001	-1.#IND0e+000	1.92646e-003	5.89222e-007	6.21818e-005	2.73000e+002
7.50000e-002	8.50000e-002	4.90117e-001	4.09054e-004	7.01910e-003	9.94381e-001	1.00000e+000	2.00000e-005	5.17581e-005	4.77059e-005	4.90509e-006	1.10693e+001	1.10693e+001	1.10693e+001	-1.#IND0e+000	1.96047e-003	3.27243e-007	6.17581e-005	2.73000e+002
7.50000e-002	9.50000e-002	4.97289e-001	1.24391e-004	7.00349e-003	9.17729e-001	1.00000e+000	2.00000e-005	5.08025e-005	4.50512e-005	4.47681e-006	1.11500e+001	1.11500e+001	1.11500e+001	-1.#IND0e+000	1.98915e-003	9.95132e-008	6.08025e-005	2.73000e+002
7.50000e-002	1.05000e-001	4.97289e-001	-1.24391e-004	7.00349e-003	8.22714e-002	1.00000e+000	2.00000e-005	5.08025e-005	4.50512e-005	4.47681e-006	1.11500e+001	1.11500e+001	1.11500e+001	-1.#IND0e+000	1.98915e-003	-9.95132e-008	6.08025e-005	2.73000e+002
7.50000e-002	1.15000e-001	4.90117e-001	-4.09054e-004	7.01910e-003	5.61859e-003	1.00000e+000	2.00000e-005	5.17581e-005	4.77059e-005	4.90509e-006	1.10693e+001	1.10693e+001	1.10693e+001	-1.#IND0e+000	1.96047e-003	-3.27243e-007	6.17581e-005	2.73000e+002
7.50000e-002	1.25000e-001	4.81614e-001	-7.36527e-004	7.05071e-003	3.41165e-004	1.00000e+000	2.00000e-005	5.21818e-005	4.92789e-005	5.18130e-006	1.09729e+001	1.09729e+001	1.09729e+001	-1.#IND0e+000	1.92646e-003	-5.89222e-007	6.21818e-005	2.73000e+002
7.50000e-002	1.35000e-001	4.72041e-001	-1.07499e-003	7.09525e-003	1.92828e-005	1.00000e+000	2.00000e-005	5.26003e-005	5.12266e-005	5.54397e-006	1.08633e+001	1.08633e+001	1.08633e+001	-1.#IND0e+000	1.88817e-003	-8.59995e-007	6.26003e-005	2.73000e+002
7.50000e-002	1.45000e-001	4.61116e-001	-1.42160e-003	7.14970e-003	1.03997e-006	1.00000e+000	2.00000e-005	5.31383e-005	5.44642e-005	6.18872e-006	1.07368e+001	1.07368e+001	1.07368e+001	-1.#IND0e+000	1.84447e-003	-1.13728e-006	6.31383e-005	2.73000e+002
7.50000e-002	1.55000e-001	4.48357e-001	-1.77790e-003	7.21046e-003	5.42196e-008	1.00000e+000	2.00000e-005	5.32698e-005	6.00760e-005	7.50688e-006	1.05872e+001	1.05872e+001	1.05872e+001	-1.#IND0e+000	1.79343e-003	-1.42232e-006	6.32698e-005	2.73000e+002
7.50000e-002	1.65000e-001	4.32928e-001	-2.14861e-003	7.27379e-003	2.67845e-009	1.00000e+000	2.00000e-005	5.00917e-005	6.94500e-005	1.08276e-005	1.04035e+001	1.04035e+001	1.04035e+001	-1.#IND0e+000	1.73171e-003	-1.71889e-006	6.00917e-005	2.73000e+002
7.50000e-002	1.75000e-001	4.12811e-001	-2.50578e-003	7.33880e-003	1.04110e-010	1.00000e+000	2.00000e-005	3.62162e-005	8.16617e-005	2.28934e-005	1.01589e+001	1.01589e+001	1.01589e+001	-1.#IND0e+000	1.65125e-003	-2.00462e-006	4.62162e-005	2.73000e+002
7.50000e-002	1.85000e-001	3.82062e-001	-2.63832e-003	7.37486e-003	2.49537e-012	1.00000e+000	2.00000e-005	2.34525e-005	1.32408e-004	1.17292e-004	9.77320e+000	9.77320e+000	9.77320e+000	-1.#IND0e+000	1.52825e-003	-2.11066e-006	3.34525e-005	2.73000e+002
7.50000e-002	1.95000e-001	3.08941e-001	-1.30172e-003	7.48895e-003	4.76035e-014	1.00000e+000	2.00000e-005	1.73303e-005	4.08673e-005	2.05056e-005	8.78836e+000	8.78836e+000	8.78836e+000	-1.#IND0e+000	1.23576e-003	-1.04138e-006	2.73303e-005	2.73000e+002

1.25000e-001	5.00000e-003	2.96322e-001	1.22219e-003	6.22153e-003	1.00000e+000	1.00000e+000	2.00000e-005	1.78331e-005	4.66665e-005	2.50217e-005	8.60700e+000	8.60700e+000	8.60700e+000	-1.#IND0e+000	1.18529e-003	9.77755e-007	2.78331e-005	2.73000e+002
1.25000e-001	1.50000e-002	3.81205e-001	2.58092e-003	6.07786e-003	1.00000e+000	1.00000e+000	2.00000e-005	2.87607e-005	2.78925e-004	3.73225e-004	9.76223e+000	9.76223e+000	9.76223e+000	-1.#IND0e+000	1.52482e-003	2.06473e-006	3.87607e-005	2.73000e+002
1.25000e-001	2.50000e-002	4.14269e-001	2.59337e-003	6.17611e-003	1.00000e+000	1.00000e+000	2.00000e-005	3.47912e-005	1.25967e-004	5.76046e-005	1.01768e+001	1.01768e+001	1.01768e+001	-1.#IND0e+000	1.65707e-003	2.07470e-006	4.47912e-005	2.73000e+002
1.25000e-001	3.50000e-002	4.34779e-001	2.28873e-003	6.18148e-003	1.00000e+000	1.00000e+000	2.00000e-005	5.30424e-005	1.00216e-004	2.10000e-005	1.04257e+001	1.04257e+001	1.04257e+001	-1.#IND0e+000	1.73912e-003	1.83098e-006	6.30424e-005	2.73000e+002
1.25000e-001	4.50000e-002	4.50167e-001	1.92707e-003	6.18254e-003	1.00000e+000	1.00000e+000	2.00000e-005	5.87199e-005	8.10605e-005	1.21382e-005	1.06086e+001	1.06086e+001	1.06086e+001	-1.#IND0e+000	1.80067e-003	1.54166e-006	6.87199e-005	2.73000e+002
1.25000e-001	5.50000e-002	4.62898e-001	1.56504e-003	6.17915e-003	9.99996e-001	1.00000e+000	2.00000e-005	5.83355e-005	6.87066e-005	8.78969e-006	1.07575e+001	1.07575e+001	1.07575e+001	-1.#IND0e+000	1.85159e-003	1.25203e-006	6.83355e-005	2.73000e+002
1.25000e-001	6.50000e-002	4.73811e-001	1.20145e-003	6.17291e-003	9.99943e-001	1.00000e+000	2.00000e-005	5.68311e-005	6.11599e-005	7.18856e-006	1.08836e+001	1.08836e+001	1.08836e+001	-1.#IND0e+000	1.89524e-003	9.61163e-007	6.68311e-005	2.73000e+002
1.25000e-001	7.50000e-002	4.83367e-001	8.35567e-004	6.16627e-003	9.99185e-001	1.00000e+000	2.00000e-005	5.54988e-005	5.64138e-005	6.29525e-006	1.09928e+001	1.09928e+001	1.09928e+001	-1.#IND0e+000	1.93347e-003	6.68454e-007	6.54988e-005	2.73000e+002
1.25000e-001	8.50000e-002	4.91810e-001	4.74003e-004	6.16173e-003	9.89403e-001	1.00000e+000	2.00000e-005	5.41223e-005	5.24306e-005	5.60730e-006	1.10884e+001	1.10884e+001	1.10884e+001	-1.#IND0e+000	1.96724e-003	3.79202e-007	6.41223e-005	2.73000e+002
1.25000e-001	9.50000e-002	4.98650e-001	1.47840e-004	6.16170e-003	8.83521e-001	1.00000e+000	2.00000e-005	5.19307e-005	4.68177e-005	4.70469e-006	1.11652e+001	1.11652e+001	1.11652e+001	-1.#IND0e+000	1.99460e-003	1.18272e-007	6.19307e-005	2.73000e+002
1.25000e-001	1.05000e-001	4.98650e-001	-1.47840e-004	6.16170e-003	1.16479e-001	1.00000e+000	2.00000e-005	5.19307e-005	4.68177e-005	4.70469e-006	1.11652e+001	1.11652e+001	1.11652e+001	-1.#IND0e+000	1.99460e-003	-1.18272e-007	6.19307e-005	2.73000e+002
1.25000e-001	1.15000e-001	4.91810e-001	-4.74003e-004	6.16173e-003	1.05967e-002	1.00000e+000	2.00000e-005	5.41223e-005	5.24306e-005	5.60730e-006	1.10884e+001	1.10884e+001	1.10884e+001	-1.#IND0e+000	1.96724e-003	-3.79202e-007	6.41223e-005	2.73000e+002
1.25000e-001	1.25000e-001	4.83367e-001	-8.35567e-004	6.16627e-003	8.15461e-004	1.00000e+000	2.00000e-005	5.54988e-005	5.64138e-005	6.29525e-006	1.09928e+001	1.09928e+001	1.09928e+001	-1.#IND0e+000	1.93347e-003	-6.68454e-007	6.54988e-005	2.73000e+002
1.25000e-001	1.35000e-001	4.73811e-001	-1.20145e-003	6.17291e-003	5.66404e-005	1.00000e+000	2.00000e-005	5.68311e-005	6.11599e-005	7.18856e-006	1.08836e+001	1.08836e+001	1.08836e+001	-1.#IND0e+000	1.89524e-003	-9.61163e-007	6.68311e-005	2.73000e+002
1.25000e-001	1.45000e-001	4.62898e-001	-1.56504e-003	6.17915e-003	3.69077e-006	1.00000e+000	2.00000e-005	5.83355e-005	6.87066e-005	8.78969e-006	1.07575e+001	1.07575e+001	1.07575e+001	-1.#IND0e+000	1.85159e-003	-1.25203e-006	6.83355e-005	2.73000e+002
1.25000e-001	1.55000e-001	4.50167e-001	-1.92707e-003	6.18254e-003	2.30023e-007	1.00000e+000	2.00000e-005	5.87199e-005	8.10605e-005	1.21382e-005	1.06086e+001	1.06086e+001	1.06086e+001	-1.#IND0e+000	1.80067e-003	-1.54166e-006	6.87199e-005	2.73000e+002
1.25000e-001	1.65000e-001	4.34779e-001	-2.28873e-003	6.18148e-003	1.31800e-008	1.00000e+000	2.00000e-005	5.30424e-005	1.00216e-004	2.10000e-005	1.04257e+001	1.04257e+001	1.04257e+001	-1.#IND0e+000	1.73912e-003	-1.83098e-006	6.30424e-005	2.73000e+002
1.25000e-001	1.75000e-001	4.14269e-001	-2.59337e-003	6.17611e-003	5.29752e-010	1.00000e+000	2.00000e-005	3.47912e-005	1.25967e-004	5.76046e-005	1.01768e+001	1.01768e+001	1.01768e+001	-1.#IND0e+000	1.65707e-003	-2.07470e-006	4.47912e-005	2.73000e+002
1.25000e-001	1.85000e-001	3.81205e-001	-2.58092e-003	6.07786e-003	1.39709e-011	1.00000e+000	2.00000e-005	2.87607e-005	2.78925e-004	3.73225e-004	9.76223e+000	9.76223e+000	9.76223e+000	-1.#IND0e+000	1.52482e-003	-2.06473e-006	3.87607e-005	2.73000e+002
1.25000e-001	1.95000e-001	2.96322e-001	-1.22219e-003	6.22153e-003	2.69448e-013	1.00000e+000	2.00000e-005	1.78331e-005	4.66665e-005	2.50217e-005	8.60700e+000	8.60700e+000	8.60700e+000	-1.#IND0e+000	1.18529e-003	-9.77755e-007	2.78331e-005	2.73000e+002

1.75000e-001	5.00000e-003	2.84933e-001	1.05543e-003	5.12478e-003	1.00000e+000	1.00000e+000	2.00000e-005	1.84320e-005	5.40751e-005	3.12108e-005	8.43999e+000	8.43999e+000	8.43999e+000	-1.#IND0e+000	1.13973e-003	8.44348e-007	2.84320e-005	2.73000e+002
1.75000e-001	1.50000e-002	3.79463e-001	2.32267e-003	4.85016e-003	1.00000e+000	1.00000e+000	2.00000e-005	3.71834e-005	5.10749e-004	8.63684e-004	9.73991e+000	9.73991e+000	9.73991e+000	-1.#IND0e+000	1.51785e-003	1.85813e-006	4.71834e-005	2.73000e+002
1.75000e-001	2.50000e-002	4.15282e-001	2.45582e-003	5.08787e-003	1.00000e+000	1.00000e+000	2.00000e-005	3.43628e-005	1.77189e-004	1.15982e-004	1.01892e+001	1.01892e+001	1.01892e+001	-1.#IND0e+000	1.66113e-003	1.96465e-006	4.43628e-005	2.73000e+002
1.75000e-001	3.50000e-002	4.36517e-001	2.21019e-003	5.12445e-003	1.00000e+000	1.00000e+000	2.00000e-005	5.47316e-005	1.32421e-004	3.52809e-005	1.04465e+001	1.04465e+001	1.04465e+001	-1.#IND0e+000	1.74607e-003	1.76815e-006	6.47316e-005	2.73000e+002
1.75000e-001	4.50000e-002	4.51941e-001	1.86959e-003	5.15027e-003	9.99999e-001	1.00000e+000	2.00000e-005	6.33859e-005	1.03603e-004	1.80951e-005	1.06295e+001	1.06295e+001	1.06295e+001	-1.#IND0e+000	1.80776e-003	1.49568e-006	7.33859e-005	2.73000e+002
1.75000e-001	5.50000e-002	4.64671e-001	1.52236e-003	5.16947e-003	9.99990e-001	1.00000e+000	2.00000e-005	6.34053e-005	8.42953e-005	1.19747e-005	1.07781e+001	1.07781e+001	1.07781e+001	-1.#IND0e+000	1.85868e-003	1.21789e-006	7.34053e-005	2.73000e+002
1.75000e-001	6.50000e-002	4.75605e-001	1.17250e-003	5.18262e-003	9.99869e-001	1.00000e+000	2.00000e-005	6.11261e-005	7.19554e-005	9.11437e-006	1.09042e+001	1.09042e+001	1.09042e+001	-1.#IND0e+000	1.90242e-003	9.38003e-007	7.11261e-005	2.73000e+002
1.75000e-001	7.50000e-002	4.85173e-001	8.18222e-004	5.19134e-003	9.98432e-001	1.00000e+000	2.00000e-005	5.88495e-005	6.39583e-005	7.53661e-006	1.10133e+001	1.10133e+001	1.10133e+001	-1.#IND0e+000	1.94069e-003	6.54578e-007	6.88495e-005	2.73000e+002
1.75000e-001	8.50000e-002	4.93568e-001	4.66859e-004	5.19802e-003	9.83312e-001	1.00000e+000	2.00000e-005	5.64145e-005	5.71265e-005	6.32797e-006	1.11082e+001	1.11082e+001	1.11082e+001	-1.#IND0e+000	1.97427e-003	3.73487e-007	6.64145e-005	2.73000e+002
1.75000e-001	9.50000e-002	5.00123e-001	1.46768e-004	5.20481e-003	8.53282e-001	1.00000e+000	2.00000e-005	5.30809e-005	4.85861e-005	4.93153e-006	1.11817e+001	1.11817e+001	1.11817e+001	-1.#IND0e+000	2.00049e-003	1.17415e-007	6.30809e-005	2.73000e+002
1.75000e-001	1.05000e-001	5.00123e-001	-1.46768e-004	5.20481e-003	1.46718e-001	1.00000e+000	2.00000e-005	5.30809e-005	4.85861e-005	4.93153e-006	1.11817e+001	1.11817e+001	1.11817e+001	-1.#IND0e+000	2.00049e-003	-1.17415e-007	6.30809e-005	2.73000e+002
1.75000e-001	1.15000e-001	4.93568e-001	-4.66859e-004	5.19802e-003	1.66876e-002	1.00000e+000	2.00000e-005	5.64145e-005	5.71265e-005	6.32797e-006	1.11082e+001	1.11082e+001	1.11082e+001	-1.#IND0e+000	1.97427e-003	-3.73487e-007	6.64145e-005	2.73000e+002
1.75000e-001	1.25000e-001	4.85173e-001	-8.18222e-004	5.19134e-003	1.56835e-003	1.00000e+000	2.00000e-005	5.88495e-005	6.39583e-005	7.53661e-006	1.10133e+001	1.10133e+001	1.10133e+001	-1.#IND0e+000	1.94069e-003	-6.54578e-007	6.88495e-005	2.73000e+002
1.75000e-001	1.35000e-001	4.75605e-001	-1.17250e-003	5.18262e-003	1.31091e-004	1.00000e+000	2.00000e-005	6.11261e-005	7.19554e-005	9.11437e-006	1.09042e+001	1.09042e+001	1.09042e+001	-1.#IND0e+000	1.90242e-003	-9.38003e-007	7.11261e-005	2.73000e+002
1.75000e-001	1.45000e-001	4.64671e-001	-1.52236e-003	5.16947e-003	1.01928e-005	1.00000e+000	2.00000e-005	6.34053e-005	8.42953e-005	1.19747e-005	1.07781e+001	1.07781e+001	1.07781e+001	-1.#IND0e+000	1.85868e-003	-1.21789e-006	7.34053e-005	2.73000e+002
1.75000e-001	1.55000e-001	4.51941e-001	-1.86959e-003	5.15027e-003	7.51120e-007	1.00000e+000	2.00000e-005	6.33859e-005	1.03603e-004	1.80951e-005	1.06295e+001	1.06295e+001	1.06295e+001	-1.#IND0e+000	1.80776e-003	-1.49568e-006	7.33859e-005	2.73000e+002
1.75000e-001	1.65000e-001	4.36517e-001	-2.21019e-003	5.12445e-003	4.93315e-008	1.00000e+000	2.00000e-005	5.47316e-005	1.32421e-004	3.52809e-005	1.04465e+001	1.04465e+001	1.04465e+001	-1.#IND0e+000	1.74607e-003	-1.76815e-006	6.47316e-005	2.73000e+002
1.75000e-001	1.75000e-001	4.15282e-001	-2.45582e-003	5.08787e-003	2.13482e-009	1.00000e+000	2.00000e-005	3.43628e-005	1.77189e-004	1.15982e-004	1.01892e+001	1.01892e+001	1.01892e+001	-1.#IND0e+000	1.66113e-003	-1.96465e-006	4.43628e-005	2.73000e+002
1.75000e-001	1.85000e-001	3.79463e-001	-2.32267e-003	4.85016e-003	7.31121e-011	1.00000e+000	2.00000e-005	3.71834e-005	5.10749e-004	8.63684e-004	9.73991e+000	9.73991e+000	9.73991e+000	-1.#IND0e+000	1.51785e-003	-1.85813e-006	4.71834e-005	2.73000e+002
1.75000e-001	1.95000e-001	2.84933e-001	-1.05543e-003	5.12478e-003	1.99610e-012	1.00000e+000	2.00000e-005	1.84320e-005	5.40751e-005	3.12108e-005	8.43999e+000	8.43999e+000	8.43999e+000	-1.#IND0e+000	1.13973e-003	-8.44348e-007	2.84320e-005	2.73000e+002

2.25000e-001	5.00000e-003	2.75516e-001	8.28088e-004	4.09516e-003	1.00000e+000	1.00000e+000	2.00000e-005	1.95634e-005	6.95598e-005	4.55351e-005	8.29933e+000	8.29933e+000	8.29933e+000	-1.#IND0e+000	1.10206e-003	6.62470e-007	2.95634e-005	2.73000e+002
2.25000e-001	1.50000e-002	3.76997e-001	1.93762e-003	3.61454e-003	1.00000e+000	1.00000e+000	2.00000e-005	4.94668e-005	8.61146e-004	1.69108e-003	9.70821e+000	9.70821e+000	9.70821e+000	-1.#IND0e+000	1.50799e-003	1.55009e-006	5.94668e-005	2.73000e+002
2.25000e-001	2.50000e-002	4.15775e-001	2.19917e-003	4.05449e-003	1.00000e+000	1.00000e+000	2.00000e-005	3.51819e-005	2.41754e-004	2.08883e-004	1.01953e+001	1.01953e+001	1.01953e+001	-1.#IND0e+000	1.66310e-003	1.75933e-006	4.51819e-005	2.73000e+002
2.25000e-001	3.50000e-002	4.38082e-001	2.03316e-003	4.12042e-003	1.00000e+000	1.00000e+000	2.00000e-005	5.54335e-005	1.66307e-004	5.47885e-005	1.04652e+001	1.04652e+001	1.04652e+001	-1.#IND0e+000	1.75233e-003	1.62652e-006	6.54335e-005	2.73000e+002
2.25000e-001	4.50000e-002	4.53615e-001	1.72586e-003	4.16055e-003	9.99998e-001	1.00000e+000	2.00000e-005	6.71885e-005	1.27302e-004	2.55039e-005	1.06491e+001	1.06491e+001	1.06491e+001	-1.#IND0e+000	1.81446e-003	1.38069e-006	7.71885e-005	2.73000e+002
2.25000e-001	5.50000e-002	4.66342e-001	1.40407e-003	4.19155e-003	9.99976e-001	1.00000e+000	2.00000e-005	6.82483e-005	1.01085e-004	1.57883e-005	1.07975e+001	1.07975e+001	1.07975e+001	-1.#IND0e+000	1.86537e-003	1.12325e-006	7.82483e-005	2.73000e+002
2.25000e-001	6.50000e-002	4.77299e-001	1.08096e-003	4.21465e-003	9.99739e-001	1.00000e+000	2.00000e-005	6.54608e-005	8.36236e-005	1.13479e-005	1.09236e+001	1.09236e+001	1.09236e+001	-1.#IND0e+000	1.90920e-003	8.64770e-007	7.54608e-005	2.73000e+002
2.25000e-001	7.50000e-002	4.86884e-001	7.54328e-004	4.23116e-003	9.97357e-001	1.00000e+000	2.00000e-005	6.22341e-005	7.19258e-005	8.91371e-006	1.10327e+001	1.10327e+001	1.10327e+001	-1.#IND0e+000	1.94754e-003	6.03463e-007	7.22341e-005	2.73000e+002
2.25000e-001	8.50000e-002	4.95231e-001	4.30964e-004	4.24376e-003	9.76326e-001	1.00000e+000	2.00000e-005	5.86586e-005	6.18277e-005	7.07048e-006	1.11269e+001	1.11269e+001	1.11269e+001	-1.#IND0e+000	1.98092e-003	3.44771e-007	6.86586e-005	2.73000e+002
2.25000e-001	9.50000e-002	5.01536e-001	1.35882e-004	4.25443e-003	8.26538e-001	1.00000e+000	2.00000e-005	5.42635e-005	5.03835e-005	5.16148e-006	1.11975e+001	1.11975e+001	1.11975e+001	-1.#IND0e+000	2.00614e-003	1.08706e-007	6.42635e-005	2.73000e+002
2.25000e-001	1.05000e-001	5.01536e-001	-1.35882e-004	4.25443e-003	1.73462e-001	1.00000e+000	2.00000e-005	5.42635e-005	5.03835e-005	5.16148e-006	1.11975e+001	1.11975e+001	1.11975e+001	-1.#IND0e+000	2.00614e-003	-1.08706e-007	6.42635e-005	2.73000e+002
2.25000e-001	1.15000e-001	4.95231e-001	-4.30964e-004	4.24376e-003	2.36741e-002	1.00000e+000	2.00000e-005	5.86586e-005	6.18277e-005	7.07048e-006	1.11269e+001	1.11269e+001	1.11269e+001	-1.#IND0e+000	1.98092e-003	-3.44771e-007	6.86586e-005	2.73000e+002
2.25000e-001	1.25000e-001	4.86884e-001	-7.54328e-004	4.23116e-003	2.64341e-003	1.00000e+000	2.00000e-005	6.22341e-005	7.19258e-005	8.91371e-006	1.10327e+001	1.10327e+001	1.10327e+001	-1.#IND0e+000	1.94754e-003	-6.03463e-007	7.22341e-005	2.73000e+002
2.25000e-001	1.35000e-001	4.77299e-001	-1.08096e-003	4.21465e-003	2.60955e-004	1.00000e+000	2.00000e-005	6.54608e-005	8.36236e-005	1.13479e-005	1.09236e+001	1.09236e+001	1.09236e+001	-1.#IND0e+000	1.90920e-003	-8.64770e-007	7.54608e-005	2.73000e+002
2.25000e-001	1.45000e-001	4.66342e-001	-1.40407e-003	4.19155e-003	2.38572e-005	1.00000e+000	2.00000e-005	6.82483e-005	1.01085e-004	1.57883e-005	1.07975e+001	1.07975e+001	1.07975e+001	-1.#IND0e+000	1.86537e-003	-1.12325e-006	7.82483e-005	2.73000e+002
2.25000e-001	1.55000e-001	4.53615e-001	-1.72586e-003	4.16055e-003	2.04665e-006	1.00000e+000	2.00000e-005	6.71885e-005	1.27302e-004	2.55039e-005	1.06491e+001	1.06491e+001	1.06491e+001	-1.#IND0e+000	1.81446e-003	-1.38069e-006	7.71885e-005	2.73000e+002
2.25000e-001	1.65000e-001	4.38082e-001	-2.03316e-003	4.12042e-003	1.51600e-007	1.00000e+000	2.00000e-005	5.54335e-005	1.66307e-004	5.47885e-005	1.04652e+001	1.04652e+001	1.04652e+001	-1.#IND0e+000	1.75233e-003	-1.62652e-006	6.54335e-005	2.73000e+002
2.25000e-001	1.75000e-001	4.15775e-001	-2.19917e-003	4.05449e-003	7.27943e-009	1.00000e+000	2.00000e-005	3.51819e-005	2.41754e-004	2.08883e-004	1.01953e+001	1.01953e+001	1.01953e+001	-1.#IND0e+000	1.66310e-003	-1.75933e-006	4.51819e-005	2.73000e+002
2.25000e-001	1.85000e-001	3.76997e-001	-1.93762e-003	3.61454e-003	3.33317e-010	1.00000e+000	2.00000e-005	4.94668e-005	8.61146e-004	1.69108e-003	9.70821e+000	9.70821e+000	9.70821e+000	-1.#IND0e+000	1.50799e-003	-1.55009e-006	5.94668e-005	2.73000e+002
2.25000e-001	1.95000e-001	2.75516e-001	-8.28088e-004	4.09516e-003	1.33004e-011	1.00000e+000	2.00000e-005	1.95634e-005	6.95598e-005	4.55351e-005	8.29933e+000	8.29933e+000	8.29933e+000	-1.#IND0e+000	1.10206e-003	-6.62470e-007	2.95634e-005	2.73000e+002

2.75000e-001	5.00000e-003	2.68594e-001	5.56340e-004	3.13205e-003	1.00000e+000	1.00000e+000	2.00000e-005	2.18652e-005	1.07074e-004	8.69633e-005	8.19441e+000	8.19441e+000	8.19441e+000	-1.#IND0e+000	1.07437e-003	4.45072e-007	3.18652e-005	2.73000e+002
2.75000e-001	1.50000e-002	3.73851e-001	1.46046e-003	2.36523e-003	1.00000e+000	1.00000e+000	2.00000e-005	6.63836e-005	1.35268e-003	2.92067e-003	9.66761e+000	9.66761e+000	9.66761e+000	-1.#IND0e+000	1.49540e-003	1.16837e-006	7.63836e-005	2.73000e+002
2.75000e-001	2.50000e-002	4.15596e-001	1.86386e-003	3.08289e-003	1.00000e+000	1.00000e+000	2.00000e-005	3.78202e-005	3.29643e-004	3.51536e-004	1.01931e+001	1.01931e+001	1.01931e+001	-1.#IND0e+000	1.66239e-003	1.49109e-006	4.78202e-005	2.73000e+002
2.75000e-001	3.50000e-002	4.39395e-001	1.80300e-003	3.18842e-003	1.00000e+000	1.00000e+000	2.00000e-005	5.55457e-005	2.02990e-004	8.14225e-005	1.04809e+001	1.04809e+001	1.04809e+001	-1.#IND0e+000	1.75758e-003	1.44240e-006	6.55457e-005	2.73000e+002
2.75000e-001	4.50000e-002	4.55143e-001	1.54203e-003	3.24005e-003	9.99995e-001	1.00000e+000	2.00000e-005	7.01223e-005	1.51911e-004	3.45448e-005	1.06670e+001	1.06670e+001	1.06670e+001	-1.#IND0e+000	1.82057e-003	1.23363e-006	8.01223e-005	2.73000e+002
2.75000e-001	5.50000e-002	4.67868e-001	1.25289e-003	3.27860e-003	9.99951e-001	1.00000e+000	2.00000e-005	7.27637e-005	1.18868e-004	2.02610e-005	1.08151e+001	1.08151e+001	1.08151e+001	-1.#IND0e+000	1.87147e-003	1.00231e-006	8.27637e-005	2.73000e+002
2.75000e-001	6.50000e-002	4.78838e-001	9.62870e-004	3.30797e-003	9.99533e-001	1.00000e+000	2.00000e-005	6.97885e-005	9.61185e-005	1.39072e-005	1.09412e+001	1.09412e+001	1.09412e+001	-1.#IND0e+000	1.91535e-003	7.70296e-007	7.97885e-005	2.73000e+002
2.75000e-001	7.50000e-002	4.88438e-001	6.70975e-004	3.32946e-003	9.95928e-001	1.00000e+000	2.00000e-005	6.56434e-005	8.03124e-005	1.04326e-005	1.10503e+001	1.10503e+001	1.10503e+001	-1.#IND0e+000	1.95375e-003	5.36780e-007	7.56434e-005	2.73000e+002
2.75000e-001	8.50000e-002	4.96734e-001	3.83101e-004	3.34606e-003	9.68636e-001	1.00000e+000	2.00000e-005	6.08738e-005	6.65650e-005	7.83863e-006	1.11438e+001	1.11438e+001	1.11438e+001	-1.#IND0e+000	1.98693e-003	3.06481e-007	7.08738e-005	2.73000e+002
2.75000e-001	9.50000e-002	5.02820e-001	1.20874e-004	3.35945e-003	8.02858e-001	1.00000e+000	2.00000e-005	5.54870e-005	5.22339e-005	5.39834e-006	1.12118e+001	1.12118e+001	1.12118e+001	-1.#IND0e+000	2.01128e-003	9.66992e-008	6.54870e-005	2.73000e+002
2.75000e-001	1.05000e-001	5.02820e-001	-1.20874e-004	3.35945e-003	1.97142e-001	1.00000e+000	2.00000e-005	5.54870e-005	5.22339e-005	5.39834e-006	1.12118e+001	1.12118e+001	1.12118e+001	-1.#IND0e+000	2.01128e-003	-9.66992e-008	6.54870e-005	2.73000e+002
2.75000e-001	1.15000e-001	4.96734e-001	-3.83101e-004	3.34606e-003	3.13636e-002	1.00000e+000	2.00000e-005	6.08738e-005	6.65650e-005	7.83863e-006	1.11438e+001	1.11438e+001	1.11438e+001	-1.#IND0e+000	1.98693e-003	-3.06481e-007	7.08738e-005	2.73000e+002
2.75000e-001	1.25000e-001	4.88438e-001	-6.70975e-004	3.32946e-003	4.07230e-003	1.00000e+000	2.00000e-005	6.56434e-005	8.03124e-005	1.04326e-005	1.10503e+001	1.10503e+001	1.10503e+001	-1.#IND0e+000	1.95375e-003	-5.36780e-007	7.56434e-005	2.73000e+002
2.75000e-001	1.35000e-001	4.78838e-001	-9.62870e-004	3.30797e-003	4.67079e-004	1.00000e+000	2.00000e-005	6.97885e-005	9.61185e-005	1.39072e-005	1.09412e+001	1.09412e+001	1.09412e+001	-1.#IND0e+000	1.91535e-003	-7.70296e-007	7.97885e-005	2.73000e+002
2.75000e-001	1.45000e-001	4.67868e-001	-1.25289e-003	3.27860e-003	4.94805e-005	1.00000e+000	2.00000e-005	7.27637e-005	1.18868e-004	2.02610e-005	1.08151e+001	1.08151e+001	1.08151e+001	-1.#IND0e+000	1.87147e-003	-1.00231e-006	8.27637e-005	2.73000e+002
2.75000e-001	1.55000e-001	4.55143e-001	-1.54203e-003	3.24005e-003	4.86384e-006	1.00000e+000	2.00000e-005	7.01223e-005	1.51911e-004	3.45448e-005	1.06670e+001	1.06670e+001	1.06670e+001	-1.#IND0e+000	1.82057e-003	-1.23363e-006	8.01223e-005	2.73000e+002
2.75000e-001	1.65000e-001	4.39395e-001	-1.80300e-003	3.18842e-003	4.00429e-007	1.00000e+000	2.00000e-005	5.55457e-005	2.02990e-004	8.14225e-005	1.04809e+001	1.04809e+001	1.04809e+001	-1.#IND0e+000	1.75758e-003	-1.44240e-006	6.55457e-005	2.73000e+002
2.75000e-001	1.75000e-001	4.15596e-001	-1.86386e-003	3.08289e-003	2.19692e-008	1.00000e+000	2.00000e-005	3.78202e-005	3.29643e-004	3.51536e-004	1.01931e+001	1.01931e+001	1.01931e+001	-1.#IND0e+000	1.66239e-003	-1.49109e-006	4.78202e-005	2.73000e+002
2.75000e-001	1.85000e-001	3.73851e-001	-1.46046e-003	2.36523e-003	1.34335e-009	1.00000e+000	2.00000e-005	6.63836e-005	1.35268e-003	2.92067e-003	9.66761e+000	9.66761e+000	9.66761e+000	-1.#IND0e+000	1.49540e-003	-1.16837e-006	7.63836e-005	2.73000e+002
2.75000e-001	1.95000e-001	2.68594e-001	-5.56340e-004	3.13205e-003	7.70684e-011	1.00000e+000	2.00000e-005	2.18652e-005	1.07074e-004	8.69633e-005	8.19441e+000	8.19441e+000	8.19441e+000	-1.#IND0e+000	1.07437e-003	-4.45072e-007	3.18652e-005	2.73000e+002

3.25000e-001	5.00000e-003	2.64422e-001	2.77938e-004	2.24312e-003	1.00000e+000	1.00000e+000	2.00000e-005	2.58476e-005	1.91011e-004	2.07203e-004	8.13053e+000	8.13053e+000	8.13053e+000	-1.#IND0e+000	1.05769e-003	2.22351e-007	3.58476e-005	2.73000e+002
3.25000e-001	1.50000e-002	3.70109e-001	9.56385e-004	1.13178e-003	1.00000e+000	1.00000e+000	2.00000e-005	8.76717e-005	1.96896e-003	4.49213e-003	9.61911e+000	9.61911e+000	9.61911e+000	-1.#IND0e+000	1.48044e-003	7.65108e-007	9.76717e-005	2.73000e+002
3.25000e-001	2.50000e-002	4.14604e-001	1.49980e-003	2.18012e-003	1.00000e+000	1.00000e+000	2.00000e-005	4.30095e-005	4.55487e-004	5.65660e-004	1.01809e+001	1.01809e+001	1.01809e+001	-1.#IND0e+000	1.65842e-003	1.19984e-006	5.30095e-005	2.73000e+002
3.25000e-001	3.50000e-002	4.40374e-001	1.56353e-003	2.34349e-003	9.99999e-001	1.00000e+000	2.00000e-005	5.55274e-005	2.44872e-004	1.18535e-004	1.04925e+001	1.04925e+001	1.04925e+001	-1.#IND0e+000	1.76149e-003	1.25082e-006	6.55274e-005	2.73000e+002
3.25000e-001	4.50000e-002	4.56497e-001	1.35803e-003	2.40574e-003	9.99990e-001	1.00000e+000	2.00000e-005	7.22260e-005	1.77496e-004	4.55668e-005	1.06829e+001	1.06829e+001	1.06829e+001	-1.#IND0e+000	1.82599e-003	1.08643e-006	8.22260e-005	2.73000e+002
3.25000e-001	5.50000e-002	4.69237e-001	1.10265e-003	2.44850e-003	9.99907e-001	1.00000e+000	2.00000e-005	7.68639e-005	1.37451e-004	2.54299e-005	1.08309e+001	1.08309e+001	1.08309e+001	-1.#IND0e+000	1.87695e-003	8.82118e-007	8.68639e-005	2.73000e+002
3.25000e-001	6.50000e-002	4.80209e-001	8.44838e-004	2.48128e-003	9.99229e-001	1.00000e+000	2.00000e-005	7.40513e-005	1.09362e-004	1.68052e-005	1.09568e+001	1.09568e+001	1.09568e+001	-1.#IND0e+000	1.92083e-003	6.75870e-007	8.40513e-005	2.73000e+002
3.25000e-001	7.50000e-002	4.89815e-001	5.87145e-004	2.50578e-003	9.94126e-001	1.00000e+000	2.00000e-005	6.90629e-005	8.91053e-005	1.20986e-005	1.10659e+001	1.10659e+001	1.10659e+001	-1.#IND0e+000	1.95926e-003	4.69716e-007	7.90629e-005	2.73000e+002
3.25000e-001	8.50000e-002	4.98058e-001	3.34620e-004	2.52510e-003	9.60414e-001	1.00000e+000	2.00000e-005	6.30759e-005	7.13696e-005	8.63717e-006	1.11586e+001	1.11586e+001	1.11586e+001	-1.#IND0e+000	1.99223e-003	2.67696e-007	7.30759e-005	2.73000e+002
3.25000e-001	9.50000e-002	5.03952e-001	1.05531e-004	2.54045e-003	7.81863e-001	1.00000e+000	2.00000e-005	5.67590e-005	5.41597e-005	5.64585e-006	1.12244e+001	1.12244e+001	1.12244e+001	-1.#IND0e+000	2.01581e-003	8.44247e-008	6.67590e-005	2.73000e+002
3.25000e-001	1.05000e-001	5.03952e-001	-1.05531e-004	2.54045e-003	2.18137e-001	1.00000e+000	2.00000e-005	5.67590e-005	5.41597e-005	5.64585e-006	1.12244e+001	1.12244e+001	1.12244e+001	-1.#IND0e+000	2.01581e-003	-8.44247e-008	6.67590e-005	2.73000e+002
3.25000e-001	1.15000e-001	4.98058e-001	-3.34620e-004	2.52510e-003	3.95859e-002	1.00000e+000	2.00000e-005	6.30759e-005	7.13696e-005	8.63717e-006	1.11586e+001	1.11586e+001	1.11586e+001	-1.#IND0e+000	1.99223e-003	-2.67696e-007	7.30759e-005	2.73000e+002
3.25000e-001	1.25000e-001	4.89815e-001	-5.87145e-004	2.50578e-003	5.87391e-003	1.00000e+000	2.00000e-005	6.90629e-005	8.91053e-005	1.20986e-005	1.10659e+001	1.10659e+001	1.10659e+001	-1.#IND0e+000	1.95926e-003	-4.69716e-007	7.90629e-005	2.73000e+002
3.25000e-001	1.35000e-001	4.80209e-001	-8.44838e-004	2.48128e-003	7.71473e-004	1.00000e+000	2.00000e-005	7.40513e-005	1.09362e-004	1.68052e-005	1.09568e+001	1.09568e+001	1.09568e+001	-1.#IND0e+000	1.92083e-003	-6.75870e-007	8.40513e-005	2.73000e+002
3.25000e-001	1.45000e-001	4.69237e-001	-1.10265e-003	2.44850e-003	9.33917e-005	1.00000e+000	2.00000e-005	7.68639e-005	1.37451e-004	2.54299e-005	1.08309e+001	1.08309e+001	1.08309e+001	-1.#IND0e+000	1.87695e-003	-8.82118e-007	8.68639e-005	2.73000e+002
3.25000e-001	1.55000e-001	4.56497e-001	-1.35803e-003	2.40574e-003	1.03597e-005	1.00000e+000	2.00000e-005	7.22260e-005	1.77496e-004	4.55668e-005	1.06829e+001	1.06829e+001	1.06829e+001	-1.#IND0e+000	1.82599e-003	-1.08643e-006	8.22260e-005	2.73000e+002
3.25000e-001	1.65000e-001	4.40374e-001	-1.56353e-003	2.34349e-003	9.36808e-007	1.00000e+000	2.00000e-005	5.55274e-005	2.44872e-004	1.18535e-004	1.04925e+001	1.04925e+001	1.04925e+001	-1.#IND0e+000	1.76149e-003	-1.25082e-006	6.55274e-005	2.73000e+002
3.25000e-001	1.75000e-001	4.14604e-001	-1.49980e-003	2.18012e-003	6.01655e-008	1.00000e+000	2.00000e-005	4.30095e-005	4.55487e-004	5.65660e-004	1.01809e+001	1.01809e+001	1.01809e+001	-1.#IND0e+000	1.65842e-003	-1.19984e-006	5.30095e-005	2.73000e+002
3.25000e-001	1.85000e-001	3.70109e-001	-9.56385e-004	1.13178e-003	4.86994e-009	1.00000e+000	2.00000e-005	8.76717e-005	1.96896e-003	4.49213e-003	9.61911e+000	9.61911e+000	9.61911e+000	-1.#IND0e+000	1.48044e-003	-7.65108e-007	9.76717e-005	2.73000e+002
3.25000e-001	1.95000e-001	2.64422e-001	-2.77938e-004	2.24312e-003	3.90081e-010	1.00000e+000	2.00000e-005	2.58476e-005	1.91011e-004	2.07203e-004	8.13053e+000	8.13053e+000	8.13053e+000	-1.#IND0e+000	1.05769e-003	-2.22351e-007	3.58476e-005	2.73000e+002

3.75000e-001	5.00000e-003	2.62780e-001	5.04684e-005	1.41805e-003	1.00000e+000	1.00000e+000	2.00000e-005	3.13845e-005	3.47801e-004	5.09102e-004	8.10525e+000	8.10525e+000	8.10525e+000	-1.#IND0e+000	1.05112e-003	4.03747e-008	4.13845e-005	2.73000e+002
3.75000e-001	1.50000e-002	3.65973e-001	5.27709e-004	-3.67955e-005	1.00000e+000	1.00000e+000	2.00000e-005	1.11514e-004	2.63960e-003	6.17721e-003	9.56521e+000	9.56521e+000	9.56521e+000	-1.#IND0e+000	1.46389e-003	4.22168e-007	1.21514e-004	2.73000e+002
3.75000e-001	2.50000e-002	4.12759e-001	1.18063e-003	1.33312e-003	1.00000e+000	1.00000e+000	2.00000e-005	5.16489e-005	6.38291e-004	8.80394e-004	1.01582e+001	1.01582e+001	1.01582e+001	-1.#IND0e+000	1.65103e-003	9.44500e-007	6.16489e-005	2.73000e+002
3.75000e-001	3.50000e-002	4.40974e-001	1.36598e-003	1.58125e-003	9.99998e-001	1.00000e+000	2.00000e-005	5.59395e-005	2.96180e-004	1.71857e-004	1.04997e+001	1.04997e+001	1.04997e+001	-1.#IND0e+000	1.76389e-003	1.09279e-006	6.59395e-005	2.73000e+002
3.75000e-001	4.50000e-002	4.57693e-001	1.21224e-003	1.65555e-003	9.99980e-001	1.00000e+000	2.00000e-005	7.35474e-005	2.04506e-004	5.92320e-005	1.06969e+001	1.06969e+001	1.06969e+001	-1.#IND0e+000	1.83077e-003	9.69791e-007	8.35474e-005	2.73000e+002
3.75000e-001	5.50000e-002	4.70478e-001	9.80131e-004	1.70009e-003	9.99837e-001	1.00000e+000	2.00000e-005	8.04580e-005	1.56656e-004	3.13478e-005	1.08453e+001	1.08453e+001	1.08453e+001	-1.#IND0e+000	1.88191e-003	7.84105e-007	9.04580e-005	2.73000e+002
3.75000e-001	6.50000e-002	4.81435e-001	7.44470e-004	1.73424e-003	9.98804e-001	1.00000e+000	2.00000e-005	7.81725e-005	1.23212e-004	2.00419e-005	1.09708e+001	1.09708e+001	1.09708e+001	-1.#IND0e+000	1.92574e-003	5.95576e-007	8.81725e-005	2.73000e+002
3.75000e-001	7.50000e-002	4.91032e-001	5.13528e-004	1.76059e-003	9.91945e-001	1.00000e+000	2.00000e-005	7.24642e-005	9.82577e-005	1.39106e-005	1.10796e+001	1.10796e+001	1.10796e+001	-1.#IND0e+000	1.96413e-003	4.10823e-007	8.24642e-005	2.73000e+002
3.75000e-001	8.50000e-002	4.99216e-001	2.91160e-004	1.78207e-003	9.51808e-001	1.00000e+000	2.00000e-005	6.52728e-005	7.62602e-005	9.46949e-006	1.11716e+001	1.11716e+001	1.11716e+001	-1.#IND0e+000	1.99686e-003	2.32928e-007	7.52728e-005	2.73000e+002
3.75000e-001	9.50000e-002	5.04938e-001	9.16100e-005	1.79901e-003	7.63217e-001	1.00000e+000	2.00000e-005	5.80849e-005	5.61794e-005	5.90727e-006	1.12354e+001	1.12354e+001	1.12354e+001	-1.#IND0e+000	2.01975e-003	7.32880e-008	6.80849e-005	2.73000e+002
3.75000e-001	1.05000e-001	5.04938e-001	-9.16100e-005	1.79901e-003	2.36783e-001	1.00000e+000	2.00000e-005	5.80849e-005	5.61794e-005	5.90727e-006	1.12354e+001	1.12354e+001	1.12354e+001	-1.#IND0e+000	2.01975e-003	-7.32880e-008	6.80849e-005	2.73000e+002
3.75000e-001	1.15000e-001	4.99216e-001	-2.91160e-004	1.78207e-003	4.81918e-002	1.00000e+000	2.00000e-005	6.52728e-005	7.62602e-005	9.46949e-006	1.11716e+001	1.11716e+001	1.11716e+001	-1.#IND0e+000	1.99686e-003	-2.32928e-007	7.52728e-005	2.73000e+002
3.75000e-001	1.25000e-001	4.91032e-001	-5.13528e-004	1.76059e-003	8.05468e-003	1.00000e+000	2.00000e-005	7.24642e-005	9.82577e-005	1.39106e-005	1.10796e+001	1.10796e+001	1.10796e+001	-1.#IND0e+000	1.96413e-003	-4.10823e-007	8.24642e-005	2.73000e+002
3.75000e-001	1.35000e-001	4.81435e-001	-7.44470e-004	1.73424e-003	1.19573e-003	1.00000e+000	2.00000e-005	7.81725e-005	1.23212e-004	2.00419e-005	1.09708e+001	1.09708e+001	1.09708e+001	-1.#IND0e+000	1.92574e-003	-5.95576e-007	8.81725e-005	2.73000e+002
3.75000e-001	1.45000e-001	4.70478e-001	-9.80131e-004	1.70009e-003	1.63245e-004	1.00000e+000	2.00000e-005	8.04580e-005	1.56656e-004	3.13478e-005	1.08453e+001	1.08453e+001	1.08453e+001	-1.#IND0e+000	1.88191e-003	-7.84105e-007	9.04580e-005	2.73000e+002
3.75000e-001	1.55000e-001	4.57693e-001	-1.21224e-003	1.65555e-003	2.01351e-005	1.00000e+000	2.00000e-005	7.35474e-005	2.04506e-004	5.92320e-005	1.06969e+001	1.06969e+001	1.06969e+001	-1.#IND0e+000	1.83077e-003	-9.69791e-007	8.35474e-005	2.73000e+002
3.75000e-001	1.65000e-001	4.40974e-001	-1.36598e-003	1.58125e-003	1.98269e-006	1.00000e+000	2.00000e-005	5.59395e-005	2.96180e-004	1.71857e-004	1.04997e+001	1.04997e+001	1.04997e+001	-1.#IND0e+000	1.76389e-003	-1.09279e-006	6.59395e-005	2.73000e+002
3.75000e-001	1.75000e-001	4.12759e-001	-1.18063e-003	1.33312e-003	1.51134e-007	1.00000e+000	2.00000e-005	5.16489e-005	6.38291e-004	8.80394e-004	1.01582e+001	1.01582e+001	1.01582e+001	-1.#IND0e+000	1.65103e-003	-9.44500e-007	6.16489e-005	2.73000e+002
3.75000e-001	1.85000e-001	3.65973e-001	-5.27709e-004	-3.67955e-005	1.59929e-008	1.00000e+000	2.00000e-005	1.11514e-004	2.63960e-003	6.17721e-003	9.56521e+000	9.56521e+000	9.56521e+000	-1.#IND0e+000	1.46389e-003	-4.22168e-007	1.21514e-004	2.73000e+002
3.75000e-001	1.95000e-001	2.62780e-001	-5.04684e-005	1.41805e-003	1.70661e-009	1.00000e+000	2.00000e-005	3.13845e-005	3.47801e-004	5.09102e-004	8.10525e+000	8.10525e+000	8.10525e+000	-1.#IND0e+000	1.05112e-003	-4.03747e-008	4.13845e-005	2.73000e+002

4.25000e-001	5.00000e-003	2.62518e-001	2.02974e-006	6.36596e-004	1.00000e+000	1.00000e+000	2.00000e-005	3.77555e-005	5.85910e-004	1.11316e-003	8.10120e+000	8.10120e+000	8.10120e+000	-1.#IND0e+000	1.05007e-003	1.62379e-009	4.77555e-005	2.73000e+002
4.25000e-001	1.50000e-002	3.61936e-001	3.84679e-004	-1.12133e-003	1.00000e+000	1.00000e+000	2.00000e-005	1.35396e-004	3.28130e-003	7.72769e-003	9.51231e+000	9.51231e+000	9.51231e+000	-1.#IND0e+000	1.44774e-003	3.07743e-007	1.45396e-004	2.73000e+002
4.25000e-001	2.50000e-002	4.10490e-001	9.92824e-004	4.81633e-004	1.00000e+000	1.00000e+000	2.00000e-005	6.45744e-005	8.97542e-004	1.32851e-003	1.01303e+001	1.01303e+001	1.01303e+001	-1.#IND0e+000	1.64196e-003	7.94259e-007	7.45744e-005	2.73000e+002
4.25000e-001	3.50000e-002	4.41335e-001	1.18875e-003	8.54155e-004	9.99996e-001	1.00000e+000	2.00000e-005	5.74287e-005	3.62259e-004	2.49023e-004	1.05040e+001	1.05040e+001	1.05040e+001	-1.#IND0e+000	1.76534e-003	9.51003e-007	6.74287e-005	2.73000e+002
4.25000e-001	4.50000e-002	4.58815e-001	1.04580e-003	9.54077e-004	9.99964e-001	1.00000e+000	2.00000e-005	7.41270e-005	2.33097e-004	7.62560e-005	1.07100e+001	1.07100e+001	1.07100e+001	-1.#IND0e+000	1.83526e-003	8.36637e-007	8.41270e-005	2.73000e+002
4.25000e-001	5.50000e-002	4.71635e-001	8.22110e-004	1.00748e-003	9.99732e-001	1.00000e+000	2.00000e-005	8.34016e-005	1.75937e-004	3.79534e-005	1.08586e+001	1.08586e+001	1.08586e+001	-1.#IND0e+000	1.88654e-003	6.57688e-007	9.34016e-005	2.73000e+002
4.25000e-001	6.50000e-002	4.82529e-001	6.07357e-004	1.04855e-003	9.98237e-001	1.00000e+000	2.00000e-005	8.20163e-005	1.37259e-004	2.35446e-005	1.09833e+001	1.09833e+001	1.09833e+001	-1.#IND0e+000	1.93012e-003	4.85885e-007	9.20163e-005	2.73000e+002
4.25000e-001	7.50000e-002	4.92080e-001	4.09850e-004	1.08128e-003	9.89380e-001	1.00000e+000	2.00000e-005	7.57776e-005	1.07584e-004	1.58365e-005	1.10914e+001	1.10914e+001	1.10914e+001	-1.#IND0e+000	1.96832e-003	3.27880e-007	8.57776e-005	2.73000e+002
4.25000e-001	8.50000e-002	5.00187e-001	2.28484e-004	1.10806e-003	9.42924e-001	1.00000e+000	2.00000e-005	6.74506e-005	8.12027e-005	1.03297e-005	1.11824e+001	1.11824e+001	1.11824e+001	-1.#IND0e+000	2.00075e-003	1.82787e-007	7.74506e-005	2.73000e+002
4.25000e-001	9.50000e-002	5.05751e-001	7.10986e-005	1.12811e-003	7.46615e-001	1.00000e+000	2.00000e-005	5.94637e-005	5.82981e-005	6.18393e-006	1.12445e+001	1.12445e+001	1.12445e+001	-1.#IND0e+000	2.02300e-003	5.68789e-008	6.94637e-005	2.73000e+002
4.25000e-001	1.05000e-001	5.05751e-001	-7.10986e-005	1.12811e-003	2.53385e-001	1.00000e+000	2.00000e-005	5.94637e-005	5.82981e-005	6.18393e-006	1.12445e+001	1.12445e+001	1.12445e+001	-1.#IND0e+000	2.02300e-003	-5.68789e-008	6.94637e-005	2.73000e+002
4.25000e-001	1.15000e-001	5.00187e-001	-2.28484e-004	1.10806e-003	5.70757e-002	1.00000e+000	2.00000e-005	6.74506e-005	8.12027e-005	1.03297e-005	1.11824e+001	1.11824e+001	1.11824e+001	-1.#IND0e+000	2.00075e-003	-1.82787e-007	7.74506e-005	2.73000e+002
4.25000e-001	1.25000e-001	4.92080e-001	-4.09850e-004	1.08128e-003	1.06202e-002	1.00000e+000	2.00000e-005	7.57776e-005	1.07584e-004	1.58365e-005	1.10914e+001	1.10914e+001	1.10914e+001	-1.#IND0e+000	1.96832e-003	-3.27880e-007	8.57776e-005	2.73000e+002
4.25000e-001	1.35000e-001	4.82529e-001	-6.07357e-004	1.04855e-003	1.76261e-003	1.00000e+000	2.00000e-005	8.20163e-005	1.37259e-004	2.35446e-005	1.09833e+001	1.09833e+001	1.09833e+001	-1.#IND0e+000	1.93012e-003	-4.85885e-007	9.20163e-005	2.73000e+002
4.25000e-001	1.45000e-001	4.71635e-001	-8.22110e-004	1.00748e-003	2.68311e-004	1.00000e+000	2.00000e-005	8.34016e-005	1.75937e-004	3.79534e-005	1.08586e+001	1.08586e+001	1.08586e+001	-1.#IND0e+000	1.88654e-003	-6.57688e-007	9.34016e-005	2.73000e+002
4.25000e-001	1.55000e-001	4.58815e-001	-1.04580e-003	9.54077e-004	3.63243e-005	1.00000e+000	2.00000e-005	7.41270e-005	2.33097e-004	7.62560e-005	1.07100e+001	1.07100e+001	1.07100e+001	-1.#IND0e+000	1.83526e-003	-8.36637e-007	8.41270e-005	2.73000e+002
4.25000e-001	1.65000e-001	4.41335e-001	-1.18875e-003	8.54155e-004	3.88190e-006	1.00000e+000	2.00000e-005	5.74287e-005	3.62259e-004	2.49023e-004	1.05040e+001	1.05040e+001	1.05040e+001	-1.#IND0e+000	1.76534e-003	-9.51003e-007	6.74287e-005	2.73000e+002
4.25000e-001	1.75000e-001	4.10490e-001	-9.92824e-004	4.81633e-004	3.51903e-007	1.00000e+000	2.00000e-005	6.45744e-005	8.97542e-004	1.32851e-003	1.01303e+001	1.01303e+001	1.01303e+001	-1.#IND0e+000	1.64196e-003	-7.94259e-007	7.45744e-005	2.73000e+002
4.25000e-001	1.85000e-001	3.61936e-001	-3.84679e-004	-1.12133e-003	4.76098e-008	1.00000e+000	2.00000e-005	1.35396e-004	3.28130e-003	7.72769e-003	9.51231e+000	9.51231e+000	9.51231e+000	-1.#IND0e+000	1.44774e-003	-3.07743e-007	1.45396e-004	2.73000e+002
4.25000e-001	1.95000e-001	2.62518e-001	-2.02974e-006	6.36596e-004	6.34546e-009	1.00000e+000	2.00000e-005	3.77555e-005	5.85910e-004	1.11316e-003	8.10120e+000	8.10120e+000	8.10120e+000	-1.#IND0e+000	1.05007e-003	-1.62379e-009	4.77555e-005	2.73000e+002

4.75000e-001	5.00000e-003	2.62508e-001	1.60608e-007	0.00000e+000	1.00000e+000	1.00000e+000	2.00000e-005	4.26300e-005	8.09781e-004	1.80867e-003	8.10103e+000	8.10103e+000	8.10103e+000	-1.#IND0e+000	1.05003e-003	1.28486e-010	5.26300e-005	2.73000e+002
4.75000e-001	1.50000e-002	3.60033e-001	9.72081e-006	0.00000e+000	1.00000e+000	1.00000e+000	2.00000e-005	1.36606e-004	3.02785e-003	6.51715e-003	9.48665e+000	9.48665e+000	9.48665e+000	-1.#IND0e+000	1.43994e-003	7.77664e-009	1.46606e-004	2.73000e+002
4.75000e-001	2.50000e-002	4.09353e-001	2.15441e-005	0.00000e+000	9.99999e-001	1.00000e+000	2.00000e-005	7.42049e-005	1.02072e-003	1.46045e-003	1.01161e+001	1.01161e+001	1.01161e+001	-1.#IND0e+000	1.63736e-003	1.72353e-008	8.42049e-005	2.73000e+002
4.75000e-001	3.50000e-002	4.41493e-001	2.38438e-005	0.00000e+000	9.99993e-001	1.00000e+000	2.00000e-005	5.89102e-005	3.96253e-004	2.88927e-004	1.05059e+001	1.05059e+001	1.05059e+001	-1.#IND0e+000	1.76598e-003	1.90750e-008	6.89102e-005	2.73000e+002
4.75000e-001	4.50000e-002	4.59372e-001	2.26585e-005	0.00000e+000	9.99937e-001	1.00000e+000	2.00000e-005	7.32854e-005	2.44665e-004	8.51303e-005	1.07165e+001	1.07165e+001	1.07165e+001	-1.#IND0e+000	1.83751e-003	1.81268e-008	8.32854e-005	2.73000e+002
4.75000e-001	5.50000e-002	4.72197e-001	1.99970e-005	0.00000e+000	9.99577e-001	1.00000e+000	2.00000e-005	8.39158e-005	1.83597e-004	4.10428e-005	1.08651e+001	1.08651e+001	1.08651e+001	-1.#IND0e+000	1.88882e-003	1.59976e-008	9.39158e-005	2.73000e+002
4.75000e-001	6.50000e-002	4.83042e-001	1.64185e-005	0.00000e+000	9.97497e-001	1.00000e+000	2.00000e-005	8.35484e-005	1.43189e-004	2.50894e-005	1.09892e+001	1.09892e+001	1.09892e+001	-1.#IND0e+000	1.93221e-003	1.31348e-008	9.35484e-005	2.73000e+002
4.75000e-001	7.50000e-002	4.92555e-001	1.21937e-005	0.00000e+000	9.86405e-001	1.00000e+000	2.00000e-005	7.73106e-005	1.11576e-004	1.66457e-005	1.10969e+001	1.10969e+001	1.10969e+001	-1.#IND0e+000	1.97026e-003	9.75495e-009	8.73106e-005	2.73000e+002
4.75000e-001	8.50000e-002	5.00618e-001	7.51548e-006	0.00000e+000	9.33781e-001	1.00000e+000	2.00000e-005	6.85614e-005	8.33650e-005	1.06807e-005	1.11874e+001	1.11874e+001	1.11874e+001	-1.#IND0e+000	2.00252e-003	6.01238e-009	7.85614e-005	2.73000e+002
4.75000e-001	9.50000e-002	5.06107e-001	2.54197e-006	0.00000e+000	7.31746e-001	1.00000e+000	2.00000e-005	6.05003e-005	5.96842e-005	6.34845e-006	1.12485e+001	1.12485e+001	1.12485e+001	-1.#IND0e+000	2.02448e-003	2.03357e-009	7.05003e-005	2.73000e+002
4.75000e-001	1.05000e-001	5.06107e-001	-2.54197e-006	0.00000e+000	2.68254e-001	1.00000e+000	2.00000e-005	6.05003e-005	5.96842e-005	6.34845e-006	1.12485e+001	1.12485e+001	1.12485e+001	-1.#IND0e+000	2.02448e-003	-2.03357e-009	7.05003e-005	2.73000e+002
4.75000e-001	1.15000e-001	5.00618e-001	-7.51548e-006	0.00000e+000	6.62189e-002	1.00000e+000	2.00000e-005	6.85614e-005	8.33650e-005	1.06807e-005	1.11874e+001	1.11874e+001	1.11874e+001	-1.#IND0e+000	2.00252e-003	-6.01238e-009	7.85614e-005	2.73000e+002
4.75000e-001	1.25000e-001	4.92555e-001	-1.21937e-005	0.00000e+000	1.35947e-002	1.00000e+000	2.00000e-005	7.73106e-005	1.11576e-004	1.66457e-005	1.10969e+001	1.10969e+001	1.10969e+001	-1.#IND0e+000	1.97026e-003	-9.75495e-009	8.73106e-005	2.73000e+002
4.75000e-001	1.35000e-001	4.83042e-001	-1.64185e-005	0.00000e+000	2.50327e-003	1.00000e+000	2.00000e-005	8.35484e-005	1.43189e-004	2.50894e-005	1.09892e+001	1.09892e+001	1.09892e+001	-1.#IND0e+000	1.93221e-003	-1.31348e-008	9.35484e-005	2.73000e+002
4.75000e-001	1.45000e-001	4.72197e-001	-1.99970e-005	0.00000e+000	4.22726e-004	1.00000e+000	2.00000e-005	8.39158e-005	1.83597e-004	4.10428e-005	1.08651e+001	1.08651e+001	1.08651e+001	-1.#IND0e+000	1.88882e-003	-1.59976e-008	9.39158e-005	2.73000e+002
4.75000e-001	1.55000e-001	4.59372e-001	-2.26585e-005	0.00000e+000	6.29676e-005	1.00000e+000	2.00000e-005	7.32854e-005	2.44665e-004	8.51303e-005	1.07165e+001	1.07165e+001	1.07165e+001	-1.#IND0e+000	1.83751e-003	-1.81268e-008	8.32854e-005	2.73000e+002
4.75000e-001	1.65000e-001	4.41493e-001	-2.38438e-005	0.00000e+000	7.48146e-006	1.00000e+000	2.00000e-005	5.89102e-005	3.96253e-004	2.88927e-004	1.05059e+001	1.05059e+001	1.05059e+001	-1.#IND0e+000	1.76598e-003	-1.90750e-008	6.89102e-005	2.73000e+002
4.75000e-001	1.75000e-001	4.09353e-001	-2.15441e-005	0.00000e+000	8.06641e-007	1.00000e+000	2.00000e-005	7.42049e-005	1.02072e-003	1.46045e-003	1.01161e+001	1.01161e+001	1.01161e+001	-1.#IND0e+000	1.63736e-003	-1.72353e-008	8.42049e-005	2.73000e+002
4.75000e-001	1.85000e-001	3.60033e-001	-9.72081e-006	0.00000e+000	1.28319e-007	1.00000e+000	2.00000e-005	1.36606e-004	3.02785e-003	6.51715e-003	9.48665e+000	9.48665e+000	9.48665e+000	-1.#IND0e+000	1.43994e-003	-7.77664e-009	1.46606e-004	2.73000e+002
4.75000e-001	1.95000e-001	2.62508e-001	-1.60608e-007	0.00000e+000	1.97792e-008	1.00000e+000	2.00000e-005	4.26300e-005	8.09781e-004	1.80867e-003	8.10103e+000	8.10103e+000	8.10103e+000	-1.#IND0e+000	1.05003e-003	-1.28486e-010	5.26300e-005	2.73000e+002

