0.00000e+000	0.00000e+000	7.37591e-003
0.00000e+000	2.50000e-003	3.20131e-002
0.00000e+000	7.50000e-003	3.78057e-002
0.00000e+000	1.25000e-002	4.09811e-002
0.00000e+000	1.75000e-002	4.31059e-002
0.00000e+000	2.25000e-002	4.46371e-002
0.00000e+000	2.75000e-002	4.57924e-002
0.00000e+000	3.25000e-002	4.66945e-002
0.00000e+000	3.75000e-002	4.74187e-002
0.00000e+000	4.25000e-002	4.80139e-002
0.00000e+000	4.75000e-002	4.85126e-002
0.00000e+000	5.25000e-002	4.89366e-002
0.00000e+000	5.75000e-002	4.93004e-002
0.00000e+000	6.25000e-002	4.96133e-002
0.00000e+000	6.75000e-002	4.98808e-002
0.00000e+000	7.25000e-002	5.01052e-002
0.00000e+000	7.75000e-002	5.02860e-002
0.00000e+000	8.25000e-002	5.04205e-002
0.00000e+000	8.75000e-002	5.05034e-002
0.00000e+000	9.25000e-002	5.05269e-002
0.00000e+000	9.75000e-002	5.03012e-002
0.00000e+000	1.02500e-001	4.96325e-002
0.00000e+000	1.07500e-001	4.87681e-002
0.00000e+000	1.12500e-001	4.79544e-002
0.00000e+000	1.17500e-001	4.71734e-002
0.00000e+000	1.22500e-001	4.64098e-002
0.00000e+000	1.27500e-001	4.56508e-002
0.00000e+000	1.32500e-001	4.48849e-002
0.00000e+000	1.37500e-001	4.41020e-002
0.00000e+000	1.42500e-001	4.32925e-002
0.00000e+000	1.47500e-001	4.24472e-002
0.00000e+000	1.52500e-001	4.15568e-002
0.00000e+000	1.57500e-001	4.06113e-002
0.00000e+000	1.62500e-001	3.95988e-002
0.00000e+000	1.67500e-001	3.85043e-002
0.00000e+000	1.72500e-001	3.73055e-002
0.00000e+000	1.77500e-001	3.59639e-002
0.00000e+000	1.82500e-001	3.44004e-002
0.00000e+000	1.87500e-001	3.24073e-002
0.00000e+000	1.92500e-001	2.90862e-002
0.00000e+000	1.97500e-001	5.40089e-003

2.50000e-001	0.00000e+000	7.37591e-003
2.50000e-001	2.50000e-003	3.20131e-002
2.50000e-001	7.50000e-003	3.99592e-002
2.50000e-001	1.25000e-002	4.44565e-002
2.50000e-001	1.75000e-002	4.75065e-002
2.50000e-001	2.25000e-002	4.96495e-002
2.50000e-001	2.75000e-002	5.11731e-002
2.50000e-001	3.25000e-002	5.22557e-002
2.50000e-001	3.75000e-002	5.30159e-002
2.50000e-001	4.25000e-002	5.35356e-002
2.50000e-001	4.75000e-002	5.38720e-002
2.50000e-001	5.25000e-002	5.40653e-002
2.50000e-001	5.75000e-002	5.41425e-002
2.50000e-001	6.25000e-002	5.41211e-002
2.50000e-001	6.75000e-002	5.40103e-002
2.50000e-001	7.25000e-002	5.38132e-002
2.50000e-001	7.75000e-002	5.35270e-002
2.50000e-001	8.25000e-002	5.31443e-002
2.50000e-001	8.75000e-002	5.26530e-002
2.50000e-001	9.25000e-002	5.20369e-002
2.50000e-001	9.75000e-002	5.10976e-002
2.50000e-001	1.02500e-001	4.96325e-002
2.50000e-001	1.07500e-001	4.79717e-002
2.50000e-001	1.12500e-001	4.64444e-002
2.50000e-001	1.17500e-001	4.50239e-002
2.50000e-001	1.22500e-001	4.36861e-002
2.50000e-001	1.27500e-001	4.24098e-002
2.50000e-001	1.32500e-001	4.11770e-002
2.50000e-001	1.37500e-001	3.99726e-002
2.50000e-001	1.42500e-001	3.87848e-002
2.50000e-001	1.47500e-001	3.76051e-002
2.50000e-001	1.52500e-001	3.64281e-002
2.50000e-001	1.57500e-001	3.52518e-002
2.50000e-001	1.62500e-001	3.40771e-002
2.50000e-001	1.67500e-001	3.29071e-002
2.50000e-001	1.72500e-001	3.17443e-002
2.50000e-001	1.77500e-001	3.05833e-002
2.50000e-001	1.82500e-001	2.93881e-002
2.50000e-001	1.87500e-001	2.80067e-002
2.50000e-001	1.92500e-001	2.56108e-002
2.50000e-001	1.97500e-001	3.24740e-003

7.50000e-001	0.00000e+000	9.35092e-003
7.50000e-001	2.50000e-003	3.78670e-002
7.50000e-001	7.50000e-003	3.87191e-002
7.50000e-001	1.25000e-002	3.98586e-002
7.50000e-001	1.75000e-002	4.12051e-002
7.50000e-001	2.25000e-002	4.25379e-002
7.50000e-001	2.75000e-002	4.37725e-002
7.50000e-001	3.25000e-002	4.48778e-002
7.50000e-001	3.75000e-002	4.58449e-002
7.50000e-001	4.25000e-002	4.66753e-002
7.50000e-001	4.75000e-002	4.73751e-002
7.50000e-001	5.25000e-002	4.79524e-002
7.50000e-001	5.75000e-002	4.84151e-002
7.50000e-001	6.25000e-002	4.87697e-002
7.50000e-001	6.75000e-002	4.90208e-002
7.50000e-001	7.25000e-002	4.91711e-002
7.50000e-001	7.75000e-002	4.92207e-002
7.50000e-001	8.25000e-002	4.91676e-002
7.50000e-001	8.75000e-002	4.90080e-002
7.50000e-001	9.25000e-002	4.87365e-002
7.50000e-001	9.75000e-002	4.83472e-002
7.50000e-001	1.02500e-001	4.78439e-002
7.50000e-001	1.07500e-001	4.72518e-002
7.50000e-001	1.12500e-001	4.66016e-002
7.50000e-001	1.17500e-001	4.59144e-002
7.50000e-001	1.22500e-001	4.52045e-002
7.50000e-001	1.27500e-001	4.44816e-002
7.50000e-001	1.32500e-001	4.37532e-002
7.50000e-001	1.37500e-001	4.30256e-002
7.50000e-001	1.42500e-001	4.23051e-002
7.50000e-001	1.47500e-001	4.15987e-002
7.50000e-001	1.52500e-001	4.09150e-002
7.50000e-001	1.57500e-001	4.02647e-002
7.50000e-001	1.62500e-001	3.96603e-002
7.50000e-001	1.67500e-001	3.91168e-002
7.50000e-001	1.72500e-001	3.86503e-002
7.50000e-001	1.77500e-001	3.82763e-002
7.50000e-001	1.82500e-001	3.80016e-002
7.50000e-001	1.87500e-001	3.77950e-002
7.50000e-001	1.92500e-001	3.75161e-002
7.50000e-001	1.97500e-001	9.35934e-003

1.25000e+000	0.00000e+000	9.44016e-003
1.25000e+000	2.50000e-003	3.84155e-002
1.25000e+000	7.50000e-003	3.90915e-002
1.25000e+000	1.25000e-002	3.97258e-002
1.25000e+000	1.75000e-002	4.05677e-002
1.25000e+000	2.25000e-002	4.14725e-002
1.25000e+000	2.75000e-002	4.23716e-002
1.25000e+000	3.25000e-002	4.32331e-002
1.25000e+000	3.75000e-002	4.40378e-002
1.25000e+000	4.25000e-002	4.47738e-002
1.25000e+000	4.75000e-002	4.54338e-002
1.25000e+000	5.25000e-002	4.60135e-002
1.25000e+000	5.75000e-002	4.65108e-002
1.25000e+000	6.25000e-002	4.69248e-002
1.25000e+000	6.75000e-002	4.72552e-002
1.25000e+000	7.25000e-002	4.75018e-002
1.25000e+000	7.75000e-002	4.76644e-002
1.25000e+000	8.25000e-002	4.77429e-002
1.25000e+000	8.75000e-002	4.77371e-002
1.25000e+000	9.25000e-002	4.76478e-002
1.25000e+000	9.75000e-002	4.74773e-002
1.25000e+000	1.02500e-001	4.72306e-002
1.25000e+000	1.07500e-001	4.69158e-002
1.25000e+000	1.12500e-001	4.65430e-002
1.25000e+000	1.17500e-001	4.61227e-002
1.25000e+000	1.22500e-001	4.56649e-002
1.25000e+000	1.27500e-001	4.51795e-002
1.25000e+000	1.32500e-001	4.46755e-002
1.25000e+000	1.37500e-001	4.41621e-002
1.25000e+000	1.42500e-001	4.36483e-002
1.25000e+000	1.47500e-001	4.31432e-002
1.25000e+000	1.52500e-001	4.26559e-002
1.25000e+000	1.57500e-001	4.21956e-002
1.25000e+000	1.62500e-001	4.17701e-002
1.25000e+000	1.67500e-001	4.13853e-002
1.25000e+000	1.72500e-001	4.10420e-002
1.25000e+000	1.77500e-001	4.07289e-002
1.25000e+000	1.82500e-001	4.04030e-002
1.25000e+000	1.87500e-001	3.99170e-002
1.25000e+000	1.92500e-001	3.90081e-002
1.25000e+000	1.97500e-001	9.87521e-003

1.75000e+000	0.00000e+000	9.34672e-003
1.75000e+000	2.50000e-003	3.82180e-002
1.75000e+000	7.50000e-003	3.91875e-002
1.75000e+000	1.25000e-002	3.98457e-002
1.75000e+000	1.75000e-002	4.05663e-002
1.75000e+000	2.25000e-002	4.13251e-002
1.75000e+000	2.75000e-002	4.20810e-002
1.75000e+000	3.25000e-002	4.28141e-002
1.75000e+000	3.75000e-002	4.35113e-002
1.75000e+000	4.25000e-002	4.41630e-002
1.75000e+000	4.75000e-002	4.47619e-002
1.75000e+000	5.25000e-002	4.53027e-002
1.75000e+000	5.75000e-002	4.57810e-002
1.75000e+000	6.25000e-002	4.61939e-002
1.75000e+000	6.75000e-002	4.65391e-002
1.75000e+000	7.25000e-002	4.68151e-002
1.75000e+000	7.75000e-002	4.70207e-002
1.75000e+000	8.25000e-002	4.71554e-002
1.75000e+000	8.75000e-002	4.72192e-002
1.75000e+000	9.25000e-002	4.72127e-002
1.75000e+000	9.75000e-002	4.71380e-002
1.75000e+000	1.02500e-001	4.69982e-002
1.75000e+000	1.07500e-001	4.67981e-002
1.75000e+000	1.12500e-001	4.65439e-002
1.75000e+000	1.17500e-001	4.62425e-002
1.75000e+000	1.22500e-001	4.59020e-002
1.75000e+000	1.27500e-001	4.55306e-002
1.75000e+000	1.32500e-001	4.51370e-002
1.75000e+000	1.37500e-001	4.47297e-002
1.75000e+000	1.42500e-001	4.43173e-002
1.75000e+000	1.47500e-001	4.39078e-002
1.75000e+000	1.52500e-001	4.35084e-002
1.75000e+000	1.57500e-001	4.31250e-002
1.75000e+000	1.62500e-001	4.27608e-002
1.75000e+000	1.67500e-001	4.24150e-002
1.75000e+000	1.72500e-001	4.20786e-002
1.75000e+000	1.77500e-001	4.17239e-002
1.75000e+000	1.82500e-001	4.12689e-002
1.75000e+000	1.87500e-001	4.04569e-002
1.75000e+000	1.92500e-001	3.90470e-002
1.75000e+000	1.97500e-001	9.83312e-003

2.25000e+000	0.00000e+000	9.22276e-003
2.25000e+000	2.50000e-003	3.78234e-002
2.25000e+000	7.50000e-003	3.91685e-002
2.25000e+000	1.25000e-002	4.01176e-002
2.25000e+000	1.75000e-002	4.09190e-002
2.25000e+000	2.25000e-002	4.16730e-002
2.25000e+000	2.75000e-002	4.23937e-002
2.25000e+000	3.25000e-002	4.30830e-002
2.25000e+000	3.75000e-002	4.37390e-002
2.25000e+000	4.25000e-002	4.43581e-002
2.25000e+000	4.75000e-002	4.49367e-002
2.25000e+000	5.25000e-002	4.54712e-002
2.25000e+000	5.75000e-002	4.59585e-002
2.25000e+000	6.25000e-002	4.63953e-002
2.25000e+000	6.75000e-002	4.67788e-002
2.25000e+000	7.25000e-002	4.71056e-002
2.25000e+000	7.75000e-002	4.73716e-002
2.25000e+000	8.25000e-002	4.75705e-002
2.25000e+000	8.75000e-002	4.76992e-002
2.25000e+000	9.25000e-002	4.77567e-002
2.25000e+000	9.75000e-002	4.77440e-002
2.25000e+000	1.02500e-001	4.76640e-002
2.25000e+000	1.07500e-001	4.75209e-002
2.25000e+000	1.12500e-001	4.73204e-002
2.25000e+000	1.17500e-001	4.70691e-002
2.25000e+000	1.22500e-001	4.67741e-002
2.25000e+000	1.27500e-001	4.64427e-002
2.25000e+000	1.32500e-001	4.60821e-002
2.25000e+000	1.37500e-001	4.57000e-002
2.25000e+000	1.42500e-001	4.53038e-002
2.25000e+000	1.47500e-001	4.49002e-002
2.25000e+000	1.52500e-001	4.44947e-002
2.25000e+000	1.57500e-001	4.40911e-002
2.25000e+000	1.62500e-001	4.36900e-002
2.25000e+000	1.67500e-001	4.32870e-002
2.25000e+000	1.72500e-001	4.28675e-002
2.25000e+000	1.77500e-001	4.23921e-002
2.25000e+000	1.82500e-001	4.17412e-002
2.25000e+000	1.87500e-001	4.05540e-002
2.25000e+000	1.92500e-001	3.87508e-002
2.25000e+000	1.97500e-001	9.73891e-003

2.75000e+000	0.00000e+000	9.10621e-003
2.75000e+000	2.50000e-003	3.74008e-002
2.75000e+000	7.50000e-003	4.36776e-002
2.75000e+000	1.25000e-002	4.83754e-002
2.75000e+000	1.75000e-002	5.12814e-002
2.75000e+000	2.25000e-002	5.33179e-002
2.75000e+000	2.75000e-002	5.48222e-002
2.75000e+000	3.25000e-002	5.59108e-002
2.75000e+000	3.75000e-002	5.66330e-002
2.75000e+000	4.25000e-002	5.70127e-002
2.75000e+000	4.75000e-002	5.70633e-002
2.75000e+000	5.25000e-002	5.67931e-002
2.75000e+000	5.75000e-002	5.62090e-002
2.75000e+000	6.25000e-002	5.53171e-002
2.75000e+000	6.75000e-002	5.41247e-002
2.75000e+000	7.25000e-002	5.26400e-002
2.75000e+000	7.75000e-002	5.08733e-002
2.75000e+000	8.25000e-002	4.89925e-002
2.75000e+000	8.75000e-002	4.70162e-002
2.75000e+000	9.25000e-002	4.49672e-002
2.75000e+000	9.75000e-002	4.28708e-002
2.75000e+000	1.02500e-001	4.07548e-002
2.75000e+000	1.07500e-001	3.86489e-002
2.75000e+000	1.12500e-001	3.65838e-002
2.75000e+000	1.17500e-001	3.45904e-002
2.75000e+000	1.22500e-001	3.26991e-002
2.75000e+000	1.27500e-001	3.09420e-002
2.75000e+000	1.32500e-001	2.93777e-002
2.75000e+000	1.37500e-001	2.80266e-002
2.75000e+000	1.42500e-001	2.69064e-002
2.75000e+000	1.47500e-001	2.60324e-002
2.75000e+000	1.52500e-001	2.54174e-002
2.75000e+000	1.57500e-001	2.50714e-002
2.75000e+000	1.62500e-001	2.50010e-002
2.75000e+000	1.67500e-001	2.52082e-002
2.75000e+000	1.72500e-001	2.56856e-002
2.75000e+000	1.77500e-001	2.64013e-002
2.75000e+000	1.82500e-001	2.72343e-002
2.75000e+000	1.87500e-001	2.78311e-002
2.75000e+000	1.92500e-001	2.85871e-002
2.75000e+000	1.97500e-001	4.15093e-003

3.25000e+000	0.00000e+000	9.02143e-003
3.25000e+000	2.50000e-003	3.71150e-002
3.25000e+000	7.50000e-003	4.94485e-002
3.25000e+000	1.25000e-002	6.02431e-002
3.25000e+000	1.75000e-002	6.89960e-002
3.25000e+000	2.25000e-002	7.68512e-002
3.25000e+000	2.75000e-002	8.42162e-002
3.25000e+000	3.25000e-002	9.12269e-002
3.25000e+000	3.75000e-002	9.79415e-002
3.25000e+000	4.25000e-002	1.04390e-001
3.25000e+000	4.75000e-002	1.10588e-001
3.25000e+000	5.25000e-002	1.16549e-001
3.25000e+000	5.75000e-002	1.22281e-001
3.25000e+000	6.25000e-002	1.27792e-001
3.25000e+000	6.75000e-002	1.33090e-001
3.25000e+000	7.25000e-002	1.38183e-001
3.25000e+000	7.75000e-002	1.43085e-001
3.25000e+000	8.25000e-002	1.20069e-001
3.25000e+000	8.75000e-002	9.69229e-002
3.25000e+000	9.25000e-002	7.36671e-002
3.25000e+000	9.75000e-002	5.03239e-002
3.25000e+000	1.02500e-001	2.69165e-002
3.25000e+000	1.07500e-001	3.46963e-003
3.25000e+000	1.12500e-001	-1.99910e-002
3.25000e+000	1.17500e-001	-4.34396e-002
3.25000e+000	1.22500e-001	-6.68507e-002
3.25000e+000	1.27500e-001	-6.18332e-002
3.25000e+000	1.32500e-001	-5.67094e-002
3.25000e+000	1.37500e-001	-5.14573e-002
3.25000e+000	1.42500e-001	-4.60575e-002
3.25000e+000	1.47500e-001	-4.04932e-002
3.25000e+000	1.52500e-001	-3.47501e-002
3.25000e+000	1.57500e-001	-2.88169e-002
3.25000e+000	1.62500e-001	-2.26853e-002
3.25000e+000	1.67500e-001	-1.63523e-002
3.25000e+000	1.72500e-001	-9.82517e-003
3.25000e+000	1.77500e-001	-3.13987e-003
3.25000e+000	1.82500e-001	3.55726e-003
3.25000e+000	1.87500e-001	9.81047e-003
3.25000e+000	1.92500e-001	1.61919e-002
3.25000e+000	1.97500e-001	-1.92934e-003

3.75000e+000	0.00000e+000	1.12553e-002
3.75000e+000	2.50000e-003	4.48784e-002
3.75000e+000	7.50000e-003	5.01632e-002
3.75000e+000	1.25000e-002	5.56878e-002
3.75000e+000	1.75000e-002	6.13460e-002
3.75000e+000	2.25000e-002	6.70998e-002
3.75000e+000	2.75000e-002	7.29346e-002
3.75000e+000	3.25000e-002	7.88424e-002
3.75000e+000	3.75000e-002	8.48183e-002
3.75000e+000	4.25000e-002	9.08586e-002
3.75000e+000	4.75000e-002	9.69605e-002
3.75000e+000	5.25000e-002	1.03121e-001
3.75000e+000	5.75000e-002	1.09339e-001
3.75000e+000	6.25000e-002	1.15610e-001
3.75000e+000	6.75000e-002	1.21933e-001
3.75000e+000	7.25000e-002	1.28458e-001
3.75000e+000	7.75000e-002	1.35127e-001
3.75000e+000	8.25000e-002	1.14153e-001
3.75000e+000	8.75000e-002	9.31357e-002
3.75000e+000	9.25000e-002	7.20716e-002
3.75000e+000	9.75000e-002	5.09573e-002
3.75000e+000	1.02500e-001	2.97898e-002
3.75000e+000	1.07500e-001	8.56609e-003
3.75000e+000	1.12500e-001	-1.27165e-002
3.75000e+000	1.17500e-001	-3.40574e-002
3.75000e+000	1.22500e-001	-5.54274e-002
3.75000e+000	1.27500e-001	-4.86289e-002
3.75000e+000	1.32500e-001	-4.18303e-002
3.75000e+000	1.37500e-001	-3.50897e-002
3.75000e+000	1.42500e-001	-2.84094e-002
3.75000e+000	1.47500e-001	-2.17908e-002
3.75000e+000	1.52500e-001	-1.52349e-002
3.75000e+000	1.57500e-001	-8.74239e-003
3.75000e+000	1.62500e-001	-2.31359e-003
3.75000e+000	1.67500e-001	4.05132e-003
3.75000e+000	1.72500e-001	1.03523e-002
3.75000e+000	1.77500e-001	1.65896e-002
3.75000e+000	1.82500e-001	2.27641e-002
3.75000e+000	1.87500e-001	2.88815e-002
3.75000e+000	1.92500e-001	3.49450e-002
3.75000e+000	1.97500e-001	6.05105e-003

4.25000e+000	0.00000e+000	1.40880e-002
4.25000e+000	2.50000e-003	5.63076e-002
4.25000e+000	7.50000e-003	5.60584e-002
4.25000e+000	1.25000e-002	5.60571e-002
4.25000e+000	1.75000e-002	5.61401e-002
4.25000e+000	2.25000e-002	5.62555e-002
4.25000e+000	2.75000e-002	5.63819e-002
4.25000e+000	3.25000e-002	5.65054e-002
4.25000e+000	3.75000e-002	5.66149e-002
4.25000e+000	4.25000e-002	5.67003e-002
4.25000e+000	4.75000e-002	5.67516e-002
4.25000e+000	5.25000e-002	5.67580e-002
4.25000e+000	5.75000e-002	5.67079e-002
4.25000e+000	6.25000e-002	5.65878e-002
4.25000e+000	6.75000e-002	5.63809e-002
4.25000e+000	7.25000e-002	2.83173e-002
4.25000e+000	7.75000e-002	2.62897e-030
4.25000e+000	8.25000e-002	-2.36734e-032
4.25000e+000	8.75000e-002	-2.34707e-032
4.25000e+000	9.25000e-002	-2.32692e-032
4.25000e+000	9.75000e-002	-2.30686e-032
4.25000e+000	1.02500e-001	-2.28688e-032
4.25000e+000	1.07500e-001	-2.26686e-032
4.25000e+000	1.12500e-001	2.54826e-030
4.25000e+000	1.17500e-001	2.83658e-002
4.25000e+000	1.22500e-001	5.67506e-002
4.25000e+000	1.27500e-001	5.62762e-002
4.25000e+000	1.32500e-001	5.60532e-002
4.25000e+000	1.37500e-001	5.59325e-002
4.25000e+000	1.42500e-001	5.58963e-002
4.25000e+000	1.47500e-001	5.59300e-002
4.25000e+000	1.52500e-001	5.60217e-002
4.25000e+000	1.57500e-001	5.61608e-002
4.25000e+000	1.62500e-001	5.63381e-002
4.25000e+000	1.67500e-001	5.65452e-002
4.25000e+000	1.72500e-001	5.67741e-002
4.25000e+000	1.77500e-001	5.70171e-002
4.25000e+000	1.82500e-001	5.72661e-002
4.25000e+000	1.87500e-001	5.75137e-002
4.25000e+000	1.92500e-001	5.77371e-002
4.25000e+000	1.97500e-001	1.46011e-002

4.75000e+000	0.00000e+000	1.40299e-002
4.75000e+000	2.50000e-003	5.61806e-002
4.75000e+000	7.50000e-003	5.75215e-002
4.75000e+000	1.25000e-002	5.83860e-002
4.75000e+000	1.75000e-002	5.89866e-002
4.75000e+000	2.25000e-002	5.93921e-002
4.75000e+000	2.75000e-002	5.96311e-002
4.75000e+000	3.25000e-002	5.97201e-002
4.75000e+000	3.75000e-002	5.96703e-002
4.75000e+000	4.25000e-002	5.94902e-002
4.75000e+000	4.75000e-002	5.91864e-002
4.75000e+000	5.25000e-002	5.87646e-002
4.75000e+000	5.75000e-002	5.82296e-002
4.75000e+000	6.25000e-002	5.75859e-002
4.75000e+000	6.75000e-002	5.67802e-002
4.75000e+000	7.25000e-002	2.83421e-002
4.75000e+000	7.75000e-002	-2.33573e-026
4.75000e+000	8.25000e-002	2.33398e-026
4.75000e+000	8.75000e-002	6.57874e-032
4.75000e+000	9.25000e-002	2.64559e-032
4.75000e+000	9.75000e-002	-9.46862e-033
4.75000e+000	1.02500e-001	-4.39999e-032
4.75000e+000	1.07500e-001	-8.09728e-032
4.75000e+000	1.12500e-001	-1.57980e-031
4.75000e+000	1.17500e-001	2.82109e-002
4.75000e+000	1.22500e-001	5.65340e-002
4.75000e+000	1.27500e-001	5.58951e-002
4.75000e+000	1.32500e-001	5.52195e-002
4.75000e+000	1.37500e-001	5.46245e-002
4.75000e+000	1.42500e-001	5.41173e-002
4.75000e+000	1.47500e-001	5.37042e-002
4.75000e+000	1.52500e-001	5.33910e-002
4.75000e+000	1.57500e-001	5.31830e-002
4.75000e+000	1.62500e-001	5.30857e-002
4.75000e+000	1.67500e-001	5.31047e-002
4.75000e+000	1.72500e-001	5.32464e-002
4.75000e+000	1.77500e-001	5.35178e-002
4.75000e+000	1.82500e-001	5.39269e-002
4.75000e+000	1.87500e-001	5.44798e-002
4.75000e+000	1.92500e-001	5.51394e-002
4.75000e+000	1.97500e-001	1.30020e-002

5.25000e+000	0.00000e+000	1.40080e-002
5.25000e+000	2.50000e-003	5.62292e-002
5.25000e+000	7.50000e-003	5.08624e-002
5.25000e+000	1.25000e-002	4.49855e-002
5.25000e+000	1.75000e-002	3.89396e-002
5.25000e+000	2.25000e-002	3.28120e-002
5.25000e+000	2.75000e-002	2.66327e-002
5.25000e+000	3.25000e-002	2.04180e-002
5.25000e+000	3.75000e-002	1.41789e-002
5.25000e+000	4.25000e-002	7.92383e-003
5.25000e+000	4.75000e-002	1.66005e-003
5.25000e+000	5.25000e-002	-4.60603e-003
5.25000e+000	5.75000e-002	-1.08684e-002
5.25000e+000	6.25000e-002	-1.71217e-002
5.25000e+000	6.75000e-002	-2.34984e-002
5.25000e+000	7.25000e-002	-5.68867e-002
5.25000e+000	7.75000e-002	-8.97457e-002
5.25000e+000	8.25000e-002	-6.82240e-002
5.25000e+000	8.75000e-002	-4.67409e-002
5.25000e+000	9.25000e-002	-2.52842e-002
5.25000e+000	9.75000e-002	-3.84149e-003
5.25000e+000	1.02500e-001	1.75996e-002
5.25000e+000	1.07500e-001	3.90516e-002
5.25000e+000	1.12500e-001	6.05266e-002
5.25000e+000	1.17500e-001	1.09889e-001
5.25000e+000	1.22500e-001	1.59568e-001
5.25000e+000	1.27500e-001	1.53723e-001
5.25000e+000	1.32500e-001	1.47506e-001
5.25000e+000	1.37500e-001	1.41201e-001
5.25000e+000	1.42500e-001	1.34829e-001
5.25000e+000	1.47500e-001	1.28406e-001
5.25000e+000	1.52500e-001	1.21947e-001
5.25000e+000	1.57500e-001	1.15462e-001
5.25000e+000	1.62500e-001	1.08960e-001
5.25000e+000	1.67500e-001	1.02449e-001
5.25000e+000	1.72500e-001	9.59366e-002
5.25000e+000	1.77500e-001	8.94279e-002
5.25000e+000	1.82500e-001	8.29253e-002
5.25000e+000	1.87500e-001	7.64119e-002
5.25000e+000	1.92500e-001	6.97622e-002
5.25000e+000	1.97500e-001	2.03139e-002

5.75000e+000	0.00000e+000	1.46733e-002
5.75000e+000	2.50000e-003	5.83586e-002
5.75000e+000	7.50000e-003	5.02395e-002
5.75000e+000	1.25000e-002	4.26510e-002
5.75000e+000	1.75000e-002	3.54003e-002
5.75000e+000	2.25000e-002	2.83941e-002
5.75000e+000	2.75000e-002	2.15949e-002
5.75000e+000	3.25000e-002	1.49820e-002
5.75000e+000	3.75000e-002	8.54213e-003
5.75000e+000	4.25000e-002	2.26631e-003
5.75000e+000	4.75000e-002	-3.85210e-003
5.75000e+000	5.25000e-002	-9.81808e-003
5.75000e+000	5.75000e-002	-1.56355e-002
5.75000e+000	6.25000e-002	-2.13075e-002
5.75000e+000	6.75000e-002	-2.68371e-002
5.75000e+000	7.25000e-002	-5.89468e-002
5.75000e+000	7.75000e-002	-9.07795e-002
5.75000e+000	8.25000e-002	-6.88960e-002
5.75000e+000	8.75000e-002	-4.70130e-002
5.75000e+000	9.25000e-002	-2.51302e-002
5.75000e+000	9.75000e-002	-3.24692e-003
5.75000e+000	1.02500e-001	1.86373e-002
5.75000e+000	1.07500e-001	4.05229e-002
5.75000e+000	1.12500e-001	6.24104e-002
5.75000e+000	1.17500e-001	1.11708e-001
5.75000e+000	1.22500e-001	1.61150e-001
5.75000e+000	1.27500e-001	1.55919e-001
5.75000e+000	1.32500e-001	1.50554e-001
5.75000e+000	1.37500e-001	1.45054e-001
5.75000e+000	1.42500e-001	1.39420e-001
5.75000e+000	1.47500e-001	1.33651e-001
5.75000e+000	1.52500e-001	1.27746e-001
5.75000e+000	1.57500e-001	1.21705e-001
5.75000e+000	1.62500e-001	1.15526e-001
5.75000e+000	1.67500e-001	1.09210e-001
5.75000e+000	1.72500e-001	1.02754e-001
5.75000e+000	1.77500e-001	9.61591e-002
5.75000e+000	1.82500e-001	8.94289e-002
5.75000e+000	1.87500e-001	8.25837e-002
5.75000e+000	1.92500e-001	7.56569e-002
5.75000e+000	1.97500e-001	2.31725e-002

6.25000e+000	0.00000e+000	1.12113e-002
6.25000e+000	2.50000e-003	4.47415e-002
6.25000e+000	7.50000e-003	4.37262e-002
6.25000e+000	1.25000e-002	4.30346e-002
6.25000e+000	1.75000e-002	4.25070e-002
6.25000e+000	2.25000e-002	4.20850e-002
6.25000e+000	2.75000e-002	4.17474e-002
6.25000e+000	3.25000e-002	4.14832e-002
6.25000e+000	3.75000e-002	4.12860e-002
6.25000e+000	4.25000e-002	4.11513e-002
6.25000e+000	4.75000e-002	4.10765e-002
6.25000e+000	5.25000e-002	4.10593e-002
6.25000e+000	5.75000e-002	4.10985e-002
6.25000e+000	6.25000e-002	4.11930e-002
6.25000e+000	6.75000e-002	4.13422e-002
6.25000e+000	7.25000e-002	4.15457e-002
6.25000e+000	7.75000e-002	4.18181e-002
6.25000e+000	8.25000e-002	4.21722e-002
6.25000e+000	8.75000e-002	4.25910e-002
6.25000e+000	9.25000e-002	4.30621e-002
6.25000e+000	9.75000e-002	4.35731e-002
6.25000e+000	1.02500e-001	4.41111e-002
6.25000e+000	1.07500e-001	4.46636e-002
6.25000e+000	1.12500e-001	4.52179e-002
6.25000e+000	1.17500e-001	4.57635e-002
6.25000e+000	1.22500e-001	4.62754e-002
6.25000e+000	1.27500e-001	4.67239e-002
6.25000e+000	1.32500e-001	4.71095e-002
6.25000e+000	1.37500e-001	4.74328e-002
6.25000e+000	1.42500e-001	4.76941e-002
6.25000e+000	1.47500e-001	4.78938e-002
6.25000e+000	1.52500e-001	4.80319e-002
6.25000e+000	1.57500e-001	4.81085e-002
6.25000e+000	1.62500e-001	4.81232e-002
6.25000e+000	1.67500e-001	4.80756e-002
6.25000e+000	1.72500e-001	4.79648e-002
6.25000e+000	1.77500e-001	4.77899e-002
6.25000e+000	1.82500e-001	4.75503e-002
6.25000e+000	1.87500e-001	4.72495e-002
6.25000e+000	1.92500e-001	4.68887e-002
6.25000e+000	1.97500e-001	1.23330e-002

6.75000e+000	0.00000e+000	1.09079e-002
6.75000e+000	2.50000e-003	4.36995e-002
6.75000e+000	7.50000e-003	4.33291e-002
6.75000e+000	1.25000e-002	4.31446e-002
6.75000e+000	1.75000e-002	4.30391e-002
6.75000e+000	2.25000e-002	4.29754e-002
6.75000e+000	2.75000e-002	4.29413e-002
6.75000e+000	3.25000e-002	4.29305e-002
6.75000e+000	3.75000e-002	4.29388e-002
6.75000e+000	4.25000e-002	4.29634e-002
6.75000e+000	4.75000e-002	4.30020e-002
6.75000e+000	5.25000e-002	4.30529e-002
6.75000e+000	5.75000e-002	4.31146e-002
6.75000e+000	6.25000e-002	4.31857e-002
6.75000e+000	6.75000e-002	4.32652e-002
6.75000e+000	7.25000e-002	4.33518e-002
6.75000e+000	7.75000e-002	4.34446e-002
6.75000e+000	8.25000e-002	4.35426e-002
6.75000e+000	8.75000e-002	4.36447e-002
6.75000e+000	9.25000e-002	4.37500e-002
6.75000e+000	9.75000e-002	4.38573e-002
6.75000e+000	1.02500e-001	4.39657e-002
6.75000e+000	1.07500e-001	4.40741e-002
6.75000e+000	1.12500e-001	4.41814e-002
6.75000e+000	1.17500e-001	4.42866e-002
6.75000e+000	1.22500e-001	4.43884e-002
6.75000e+000	1.27500e-001	4.44859e-002
6.75000e+000	1.32500e-001	4.45778e-002
6.75000e+000	1.37500e-001	4.46630e-002
6.75000e+000	1.42500e-001	4.47403e-002
6.75000e+000	1.47500e-001	4.48085e-002
6.75000e+000	1.52500e-001	4.48661e-002
6.75000e+000	1.57500e-001	4.49115e-002
6.75000e+000	1.62500e-001	4.49429e-002
6.75000e+000	1.67500e-001	4.49579e-002
6.75000e+000	1.72500e-001	4.49536e-002
6.75000e+000	1.77500e-001	4.49255e-002
6.75000e+000	1.82500e-001	4.48664e-002
6.75000e+000	1.87500e-001	4.47596e-002
6.75000e+000	1.92500e-001	4.45424e-002
6.75000e+000	1.97500e-001	1.14302e-002

7.25000e+000	0.00000e+000	1.07965e-002
7.25000e+000	2.50000e-003	4.33693e-002
7.25000e+000	7.50000e-003	4.31166e-002
7.25000e+000	1.25000e-002	4.30024e-002
7.25000e+000	1.75000e-002	4.29508e-002
7.25000e+000	2.25000e-002	4.29306e-002
7.25000e+000	2.75000e-002	4.29321e-002
7.25000e+000	3.25000e-002	4.29502e-002
7.25000e+000	3.75000e-002	4.29817e-002
7.25000e+000	4.25000e-002	4.30242e-002
7.25000e+000	4.75000e-002	4.30761e-002
7.25000e+000	5.25000e-002	4.31359e-002
7.25000e+000	5.75000e-002	4.32024e-002
7.25000e+000	6.25000e-002	4.32745e-002
7.25000e+000	6.75000e-002	4.33513e-002
7.25000e+000	7.25000e-002	4.34321e-002
7.25000e+000	7.75000e-002	4.35160e-002
7.25000e+000	8.25000e-002	4.36024e-002
7.25000e+000	8.75000e-002	4.36907e-002
7.25000e+000	9.25000e-002	4.37800e-002
7.25000e+000	9.75000e-002	4.38699e-002
7.25000e+000	1.02500e-001	4.39597e-002
7.25000e+000	1.07500e-001	4.40488e-002
7.25000e+000	1.12500e-001	4.41365e-002
7.25000e+000	1.17500e-001	4.42221e-002
7.25000e+000	1.22500e-001	4.43051e-002
7.25000e+000	1.27500e-001	4.43845e-002
7.25000e+000	1.32500e-001	4.44596e-002
7.25000e+000	1.37500e-001	4.45296e-002
7.25000e+000	1.42500e-001	4.45934e-002
7.25000e+000	1.47500e-001	4.46498e-002
7.25000e+000	1.52500e-001	4.46975e-002
7.25000e+000	1.57500e-001	4.47347e-002
7.25000e+000	1.62500e-001	4.47594e-002
7.25000e+000	1.67500e-001	4.47687e-002
7.25000e+000	1.72500e-001	4.47586e-002
7.25000e+000	1.77500e-001	4.47225e-002
7.25000e+000	1.82500e-001	4.46480e-002
7.25000e+000	1.87500e-001	4.45002e-002
7.25000e+000	1.92500e-001	4.41506e-002
7.25000e+000	1.97500e-001	1.13221e-002

7.75000e+000	0.00000e+000	1.06810e-002
7.75000e+000	2.50000e-003	4.30416e-002
7.75000e+000	7.50000e-003	4.29046e-002
7.75000e+000	1.25000e-002	4.28351e-002
7.75000e+000	1.75000e-002	4.28186e-002
7.75000e+000	2.25000e-002	4.28270e-002
7.75000e+000	2.75000e-002	4.28523e-002
7.75000e+000	3.25000e-002	4.28906e-002
7.75000e+000	3.75000e-002	4.29394e-002
7.75000e+000	4.25000e-002	4.29970e-002
7.75000e+000	4.75000e-002	4.30620e-002
7.75000e+000	5.25000e-002	4.31332e-002
7.75000e+000	5.75000e-002	4.32096e-002
7.75000e+000	6.25000e-002	4.32904e-002
7.75000e+000	6.75000e-002	4.33748e-002
7.75000e+000	7.25000e-002	4.34621e-002
7.75000e+000	7.75000e-002	4.35517e-002
7.75000e+000	8.25000e-002	4.36430e-002
7.75000e+000	8.75000e-002	4.37352e-002
7.75000e+000	9.25000e-002	4.38280e-002
7.75000e+000	9.75000e-002	4.39207e-002
7.75000e+000	1.02500e-001	4.40128e-002
7.75000e+000	1.07500e-001	4.41036e-002
7.75000e+000	1.12500e-001	4.41926e-002
7.75000e+000	1.17500e-001	4.42791e-002
7.75000e+000	1.22500e-001	4.43625e-002
7.75000e+000	1.27500e-001	4.44420e-002
7.75000e+000	1.32500e-001	4.45167e-002
7.75000e+000	1.37500e-001	4.45859e-002
7.75000e+000	1.42500e-001	4.46483e-002
7.75000e+000	1.47500e-001	4.47027e-002
7.75000e+000	1.52500e-001	4.47475e-002
7.75000e+000	1.57500e-001	4.47809e-002
7.75000e+000	1.62500e-001	4.48001e-002
7.75000e+000	1.67500e-001	4.48018e-002
7.75000e+000	1.72500e-001	4.47806e-002
7.75000e+000	1.77500e-001	4.47276e-002
7.75000e+000	1.82500e-001	4.46243e-002
7.75000e+000	1.87500e-001	4.44130e-002
7.75000e+000	1.92500e-001	4.38829e-002
7.75000e+000	1.97500e-001	1.12610e-002

8.25000e+000	0.00000e+000	1.05479e-002
8.25000e+000	2.50000e-003	4.26684e-002
8.25000e+000	7.50000e-003	4.27033e-002
8.25000e+000	1.25000e-002	4.26738e-002
8.25000e+000	1.75000e-002	4.26924e-002
8.25000e+000	2.25000e-002	4.27308e-002
8.25000e+000	2.75000e-002	4.27813e-002
8.25000e+000	3.25000e-002	4.28409e-002
8.25000e+000	3.75000e-002	4.29080e-002
8.25000e+000	4.25000e-002	4.29814e-002
8.25000e+000	4.75000e-002	4.30602e-002
8.25000e+000	5.25000e-002	4.31434e-002
8.25000e+000	5.75000e-002	4.32305e-002
8.25000e+000	6.25000e-002	4.33208e-002
8.25000e+000	6.75000e-002	4.34135e-002
8.25000e+000	7.25000e-002	4.35083e-002
8.25000e+000	7.75000e-002	4.36044e-002
8.25000e+000	8.25000e-002	4.37015e-002
8.25000e+000	8.75000e-002	4.37990e-002
8.25000e+000	9.25000e-002	4.38963e-002
8.25000e+000	9.75000e-002	4.39929e-002
8.25000e+000	1.02500e-001	4.40884e-002
8.25000e+000	1.07500e-001	4.41821e-002
8.25000e+000	1.12500e-001	4.42735e-002
8.25000e+000	1.17500e-001	4.43619e-002
8.25000e+000	1.22500e-001	4.44466e-002
8.25000e+000	1.27500e-001	4.45269e-002
8.25000e+000	1.32500e-001	4.46019e-002
8.25000e+000	1.37500e-001	4.46707e-002
8.25000e+000	1.42500e-001	4.47320e-002
8.25000e+000	1.47500e-001	4.47845e-002
8.25000e+000	1.52500e-001	4.48265e-002
8.25000e+000	1.57500e-001	4.48557e-002
8.25000e+000	1.62500e-001	4.48691e-002
8.25000e+000	1.67500e-001	4.48624e-002
8.25000e+000	1.72500e-001	4.48291e-002
8.25000e+000	1.77500e-001	4.47572e-002
8.25000e+000	1.82500e-001	4.46210e-002
8.25000e+000	1.87500e-001	4.43325e-002
8.25000e+000	1.92500e-001	4.35822e-002
8.25000e+000	1.97500e-001	1.11673e-002

8.75000e+000	0.00000e+000	1.03992e-002
8.75000e+000	2.50000e-003	4.22479e-002
8.75000e+000	7.50000e-003	4.25214e-002
8.75000e+000	1.25000e-002	4.25293e-002
8.75000e+000	1.75000e-002	4.25841e-002
8.75000e+000	2.25000e-002	4.26547e-002
8.75000e+000	2.75000e-002	4.27319e-002
8.75000e+000	3.25000e-002	4.28138e-002
8.75000e+000	3.75000e-002	4.28996e-002
8.75000e+000	4.25000e-002	4.29890e-002
8.75000e+000	4.75000e-002	4.30813e-002
8.75000e+000	5.25000e-002	4.31763e-002
8.75000e+000	5.75000e-002	4.32734e-002
8.75000e+000	6.25000e-002	4.33722e-002
8.75000e+000	6.75000e-002	4.34724e-002
8.75000e+000	7.25000e-002	4.35735e-002
8.75000e+000	7.75000e-002	4.36750e-002
8.75000e+000	8.25000e-002	4.37767e-002
8.75000e+000	8.75000e-002	4.38780e-002
8.75000e+000	9.25000e-002	4.39785e-002
8.75000e+000	9.75000e-002	4.40777e-002
8.75000e+000	1.02500e-001	4.41751e-002
8.75000e+000	1.07500e-001	4.42703e-002
8.75000e+000	1.12500e-001	4.43626e-002
8.75000e+000	1.17500e-001	4.44515e-002
8.75000e+000	1.22500e-001	4.45362e-002
8.75000e+000	1.27500e-001	4.46160e-002
8.75000e+000	1.32500e-001	4.46901e-002
8.75000e+000	1.37500e-001	4.47573e-002
8.75000e+000	1.42500e-001	4.48166e-002
8.75000e+000	1.47500e-001	4.48663e-002
8.75000e+000	1.52500e-001	4.49047e-002
8.75000e+000	1.57500e-001	4.49291e-002
8.75000e+000	1.62500e-001	4.49363e-002
8.75000e+000	1.67500e-001	4.49212e-002
8.75000e+000	1.72500e-001	4.48756e-002
8.75000e+000	1.77500e-001	4.47842e-002
8.75000e+000	1.82500e-001	4.46118e-002
8.75000e+000	1.87500e-001	4.42288e-002
8.75000e+000	1.92500e-001	4.32246e-002
8.75000e+000	1.97500e-001	1.10238e-002

9.25000e+000	0.00000e+000	1.02437e-002
9.25000e+000	2.50000e-003	4.17876e-002
9.25000e+000	7.50000e-003	4.26284e-002
9.25000e+000	1.25000e-002	4.29138e-002
9.25000e+000	1.75000e-002	4.30743e-002
9.25000e+000	2.25000e-002	4.31948e-002
9.25000e+000	2.75000e-002	4.32953e-002
9.25000e+000	3.25000e-002	4.33842e-002
9.25000e+000	3.75000e-002	4.34657e-002
9.25000e+000	4.25000e-002	4.35420e-002
9.25000e+000	4.75000e-002	4.36144e-002
9.25000e+000	5.25000e-002	4.36839e-002
9.25000e+000	5.75000e-002	4.37510e-002
9.25000e+000	6.25000e-002	4.38158e-002
9.25000e+000	6.75000e-002	4.38788e-002
9.25000e+000	7.25000e-002	4.39398e-002
9.25000e+000	7.75000e-002	4.39990e-002
9.25000e+000	8.25000e-002	4.40563e-002
9.25000e+000	8.75000e-002	4.41117e-002
9.25000e+000	9.25000e-002	4.41649e-002
9.25000e+000	9.75000e-002	4.42158e-002
9.25000e+000	1.02500e-001	4.42642e-002
9.25000e+000	1.07500e-001	4.43098e-002
9.25000e+000	1.12500e-001	4.43523e-002
9.25000e+000	1.17500e-001	4.43914e-002
9.25000e+000	1.22500e-001	4.44266e-002
9.25000e+000	1.27500e-001	4.44574e-002
9.25000e+000	1.32500e-001	4.44832e-002
9.25000e+000	1.37500e-001	4.45031e-002
9.25000e+000	1.42500e-001	4.45162e-002
9.25000e+000	1.47500e-001	4.45214e-002
9.25000e+000	1.52500e-001	4.45170e-002
9.25000e+000	1.57500e-001	4.45006e-002
9.25000e+000	1.62500e-001	4.44692e-002
9.25000e+000	1.67500e-001	4.44176e-002
9.25000e+000	1.72500e-001	4.43371e-002
9.25000e+000	1.77500e-001	4.42102e-002
9.25000e+000	1.82500e-001	4.39914e-002
9.25000e+000	1.87500e-001	4.35024e-002
9.25000e+000	1.92500e-001	4.22975e-002
9.25000e+000	1.97500e-001	1.05548e-002

9.75000e+000	0.00000e+000	1.00909e-002
9.75000e+000	2.50000e-003	4.12964e-002
9.75000e+000	7.50000e-003	4.26897e-002
9.75000e+000	1.25000e-002	4.33282e-002
9.75000e+000	1.75000e-002	4.36065e-002
9.75000e+000	2.25000e-002	4.37749e-002
9.75000e+000	2.75000e-002	4.38942e-002
9.75000e+000	3.25000e-002	4.39854e-002
9.75000e+000	3.75000e-002	4.40580e-002
9.75000e+000	4.25000e-002	4.41174e-002
9.75000e+000	4.75000e-002	4.41667e-002
9.75000e+000	5.25000e-002	4.42079e-002
9.75000e+000	5.75000e-002	4.42425e-002
9.75000e+000	6.25000e-002	4.42714e-002
9.75000e+000	6.75000e-002	4.42954e-002
9.75000e+000	7.25000e-002	4.43150e-002
9.75000e+000	7.75000e-002	4.43306e-002
9.75000e+000	8.25000e-002	4.43425e-002
9.75000e+000	8.75000e-002	4.43510e-002
9.75000e+000	9.25000e-002	4.43562e-002
9.75000e+000	9.75000e-002	4.43582e-002
9.75000e+000	1.02500e-001	4.43570e-002
9.75000e+000	1.07500e-001	4.43525e-002
9.75000e+000	1.12500e-001	4.43448e-002
9.75000e+000	1.17500e-001	4.43336e-002
9.75000e+000	1.22500e-001	4.43187e-002
9.75000e+000	1.27500e-001	4.42998e-002
9.75000e+000	1.32500e-001	4.42766e-002
9.75000e+000	1.37500e-001	4.42484e-002
9.75000e+000	1.42500e-001	4.42145e-002
9.75000e+000	1.47500e-001	4.41740e-002
9.75000e+000	1.52500e-001	4.41255e-002
9.75000e+000	1.57500e-001	4.40668e-002
9.75000e+000	1.62500e-001	4.39948e-002
9.75000e+000	1.67500e-001	4.39043e-002
9.75000e+000	1.72500e-001	4.37857e-002
9.75000e+000	1.77500e-001	4.36180e-002
9.75000e+000	1.82500e-001	4.33405e-002
9.75000e+000	1.87500e-001	4.27030e-002
9.75000e+000	1.92500e-001	4.13106e-002
9.75000e+000	1.97500e-001	1.00945e-002

