0.00000e+000	0.00000e+000	0.00000e+000
0.00000e+000	2.50000e-003	5.90073e-001
0.00000e+000	7.50000e-003	6.90452e-001
0.00000e+000	1.25000e-002	7.42776e-001
0.00000e+000	1.75000e-002	7.79389e-001
0.00000e+000	2.25000e-002	8.07908e-001
0.00000e+000	2.75000e-002	8.31428e-001
0.00000e+000	3.25000e-002	8.51529e-001
0.00000e+000	3.75000e-002	8.69133e-001
0.00000e+000	4.25000e-002	8.84830e-001
0.00000e+000	4.75000e-002	8.99016e-001
0.00000e+000	5.25000e-002	9.11975e-001
0.00000e+000	5.75000e-002	9.23916e-001
0.00000e+000	6.25000e-002	9.34998e-001
0.00000e+000	6.75000e-002	9.45345e-001
0.00000e+000	7.25000e-002	9.55055e-001
0.00000e+000	7.75000e-002	9.64207e-001
0.00000e+000	8.25000e-002	9.72866e-001
0.00000e+000	8.75000e-002	9.81086e-001
0.00000e+000	9.25000e-002	9.88913e-001
0.00000e+000	9.75000e-002	9.96386e-001
0.00000e+000	1.02500e-001	9.96386e-001
0.00000e+000	1.07500e-001	9.88913e-001
0.00000e+000	1.12500e-001	9.81086e-001
0.00000e+000	1.17500e-001	9.72866e-001
0.00000e+000	1.22500e-001	9.64207e-001
0.00000e+000	1.27500e-001	9.55055e-001
0.00000e+000	1.32500e-001	9.45345e-001
0.00000e+000	1.37500e-001	9.34998e-001
0.00000e+000	1.42500e-001	9.23916e-001
0.00000e+000	1.47500e-001	9.11975e-001
0.00000e+000	1.52500e-001	8.99016e-001
0.00000e+000	1.57500e-001	8.84830e-001
0.00000e+000	1.62500e-001	8.69133e-001
0.00000e+000	1.67500e-001	8.51529e-001
0.00000e+000	1.72500e-001	8.31428e-001
0.00000e+000	1.77500e-001	8.07908e-001
0.00000e+000	1.82500e-001	7.79389e-001
0.00000e+000	1.87500e-001	7.42776e-001
0.00000e+000	1.92500e-001	6.90452e-001
0.00000e+000	1.97500e-001	5.90073e-001
0.00000e+000	2.00000e-001	0.00000e+000

5.00000e-001	0.00000e+000	0.00000e+000
5.00000e-001	2.50000e-003	5.95246e-001
5.00000e-001	7.50000e-003	6.62634e-001
5.00000e-001	1.25000e-002	7.73198e-001
5.00000e-001	1.75000e-002	8.20028e-001
5.00000e-001	2.25000e-002	8.42470e-001
5.00000e-001	2.75000e-002	8.55470e-001
5.00000e-001	3.25000e-002	8.64144e-001
5.00000e-001	3.75000e-002	8.71448e-001
5.00000e-001	4.25000e-002	8.80271e-001
5.00000e-001	4.75000e-002	8.90376e-001
5.00000e-001	5.25000e-002	9.01332e-001
5.00000e-001	5.75000e-002	9.12758e-001
5.00000e-001	6.25000e-002	9.24338e-001
5.00000e-001	6.75000e-002	9.35817e-001
5.00000e-001	7.25000e-002	9.47003e-001
5.00000e-001	7.75000e-002	9.57754e-001
5.00000e-001	8.25000e-002	9.67970e-001
5.00000e-001	8.75000e-002	9.77548e-001
5.00000e-001	9.25000e-002	9.86275e-001
5.00000e-001	9.75000e-002	9.93473e-001
5.00000e-001	1.02500e-001	9.96904e-001
5.00000e-001	1.07500e-001	9.95769e-001
5.00000e-001	1.12500e-001	9.91763e-001
5.00000e-001	1.17500e-001	9.85925e-001
5.00000e-001	1.22500e-001	9.78855e-001
5.00000e-001	1.27500e-001	9.70882e-001
5.00000e-001	1.32500e-001	9.62158e-001
5.00000e-001	1.37500e-001	9.52714e-001
5.00000e-001	1.42500e-001	9.42518e-001
5.00000e-001	1.47500e-001	9.31499e-001
5.00000e-001	1.52500e-001	9.19579e-001
5.00000e-001	1.57500e-001	9.06716e-001
5.00000e-001	1.62500e-001	8.92992e-001
5.00000e-001	1.67500e-001	8.78402e-001
5.00000e-001	1.72500e-001	8.61843e-001
5.00000e-001	1.77500e-001	8.38994e-001
5.00000e-001	1.82500e-001	7.93245e-001
5.00000e-001	1.87500e-001	6.81806e-001
5.00000e-001	1.92500e-001	5.27934e-001
5.00000e-001	1.97500e-001	4.72511e-001
5.00000e-001	2.00000e-001	0.00000e+000

1.00000e+000	0.00000e+000	0.00000e+000
1.00000e+000	2.50000e-003	5.86435e-002
1.00000e+000	7.50000e-003	5.82438e-002
1.00000e+000	1.25000e-002	3.02589e-001
1.00000e+000	1.75000e-002	4.38826e-001
1.00000e+000	2.25000e-002	5.74384e-001
1.00000e+000	2.75000e-002	7.09317e-001
1.00000e+000	3.25000e-002	8.43589e-001
1.00000e+000	3.75000e-002	9.78726e-001
1.00000e+000	4.25000e-002	9.79143e-001
1.00000e+000	4.75000e-002	9.79544e-001
1.00000e+000	5.25000e-002	9.79928e-001
1.00000e+000	5.75000e-002	9.80287e-001
1.00000e+000	6.25000e-002	9.80619e-001
1.00000e+000	6.75000e-002	9.80916e-001
1.00000e+000	7.25000e-002	9.81172e-001
1.00000e+000	7.75000e-002	9.81380e-001
1.00000e+000	8.25000e-002	9.81532e-001
1.00000e+000	8.75000e-002	9.81620e-001
1.00000e+000	9.25000e-002	9.81634e-001
1.00000e+000	9.75000e-002	9.81565e-001
1.00000e+000	1.02500e-001	9.81401e-001
1.00000e+000	1.07500e-001	9.81134e-001
1.00000e+000	1.12500e-001	9.80755e-001
1.00000e+000	1.17500e-001	9.80256e-001
1.00000e+000	1.22500e-001	9.79629e-001
1.00000e+000	1.27500e-001	9.78865e-001
1.00000e+000	1.32500e-001	9.77953e-001
1.00000e+000	1.37500e-001	9.76877e-001
1.00000e+000	1.42500e-001	9.75621e-001
1.00000e+000	1.47500e-001	9.74159e-001
1.00000e+000	1.52500e-001	9.72461e-001
1.00000e+000	1.57500e-001	9.70482e-001
1.00000e+000	1.62500e-001	9.68157e-001
1.00000e+000	1.67500e-001	9.65391e-001
1.00000e+000	1.72500e-001	9.62028e-001
1.00000e+000	1.77500e-001	9.57795e-001
1.00000e+000	1.82500e-001	9.52173e-001
1.00000e+000	1.87500e-001	9.44046e-001
1.00000e+000	1.92500e-001	9.30192e-001
1.00000e+000	1.97500e-001	8.99530e-001
1.00000e+000	2.00000e-001	0.00000e+000

1.50000e+000	0.00000e+000	0.00000e+000
1.50000e+000	2.50000e-003	5.79183e-001
1.50000e+000	7.50000e-003	5.79321e-001
1.50000e+000	1.25000e-002	2.87279e-030
1.50000e+000	1.75000e-002	3.72576e-033
1.50000e+000	2.25000e-002	4.03309e-033
1.50000e+000	2.75000e-002	4.38982e-033
1.50000e+000	3.25000e-002	9.27323e-030
1.50000e+000	3.75000e-002	1.02593e+000
1.50000e+000	4.25000e-002	1.02635e+000
1.50000e+000	4.75000e-002	1.02673e+000
1.50000e+000	5.25000e-002	1.02710e+000
1.50000e+000	5.75000e-002	1.02745e+000
1.50000e+000	6.25000e-002	1.02779e+000
1.50000e+000	6.75000e-002	1.02811e+000
1.50000e+000	7.25000e-002	1.02842e+000
1.50000e+000	7.75000e-002	1.02870e+000
1.50000e+000	8.25000e-002	1.02897e+000
1.50000e+000	8.75000e-002	1.02921e+000
1.50000e+000	9.25000e-002	1.02943e+000
1.50000e+000	9.75000e-002	1.02963e+000
1.50000e+000	1.02500e-001	1.02980e+000
1.50000e+000	1.07500e-001	1.02995e+000
1.50000e+000	1.12500e-001	1.03006e+000
1.50000e+000	1.17500e-001	1.03014e+000
1.50000e+000	1.22500e-001	1.03019e+000
1.50000e+000	1.27500e-001	1.03020e+000
1.50000e+000	1.32500e-001	1.03016e+000
1.50000e+000	1.37500e-001	1.03007e+000
1.50000e+000	1.42500e-001	1.02992e+000
1.50000e+000	1.47500e-001	1.02971e+000
1.50000e+000	1.52500e-001	1.02941e+000
1.50000e+000	1.57500e-001	1.02901e+000
1.50000e+000	1.62500e-001	1.02848e+000
1.50000e+000	1.67500e-001	1.02778e+000
1.50000e+000	1.72500e-001	1.02684e+000
1.50000e+000	1.77500e-001	1.02554e+000
1.50000e+000	1.82500e-001	1.02365e+000
1.50000e+000	1.87500e-001	1.02057e+000
1.50000e+000	1.92500e-001	1.01422e+000
1.50000e+000	1.97500e-001	9.94527e-001
1.50000e+000	2.00000e-001	0.00000e+000

2.00000e+000	0.00000e+000	0.00000e+000
2.00000e+000	2.50000e-003	5.79250e-001
2.00000e+000	7.50000e-003	5.79254e-001
2.00000e+000	1.25000e-002	8.81553e-033
2.00000e+000	1.75000e-002	3.10816e-033
2.00000e+000	2.25000e-002	3.15672e-033
2.00000e+000	2.75000e-002	3.20491e-033
2.00000e+000	3.25000e-002	1.67417e-032
2.00000e+000	3.75000e-002	1.03499e+000
2.00000e+000	4.25000e-002	1.03683e+000
2.00000e+000	4.75000e-002	1.03738e+000
2.00000e+000	5.25000e-002	1.03767e+000
2.00000e+000	5.75000e-002	1.03773e+000
2.00000e+000	6.25000e-002	1.03763e+000
2.00000e+000	6.75000e-002	1.03741e+000
2.00000e+000	7.25000e-002	1.03711e+000
2.00000e+000	7.75000e-002	1.03678e+000
2.00000e+000	8.25000e-002	1.03642e+000
2.00000e+000	8.75000e-002	1.03602e+000
2.00000e+000	9.25000e-002	1.03559e+000
2.00000e+000	9.75000e-002	1.03512e+000
2.00000e+000	1.02500e-001	1.03461e+000
2.00000e+000	1.07500e-001	1.03406e+000
2.00000e+000	1.12500e-001	1.03347e+000
2.00000e+000	1.17500e-001	1.03283e+000
2.00000e+000	1.22500e-001	1.03214e+000
2.00000e+000	1.27500e-001	1.03139e+000
2.00000e+000	1.32500e-001	1.03057e+000
2.00000e+000	1.37500e-001	1.02967e+000
2.00000e+000	1.42500e-001	1.02867e+000
2.00000e+000	1.47500e-001	1.02757e+000
2.00000e+000	1.52500e-001	1.02634e+000
2.00000e+000	1.57500e-001	1.02493e+000
2.00000e+000	1.62500e-001	1.02331e+000
2.00000e+000	1.67500e-001	1.02139e+000
2.00000e+000	1.72500e-001	1.01906e+000
2.00000e+000	1.77500e-001	1.01609e+000
2.00000e+000	1.82500e-001	1.01203e+000
2.00000e+000	1.87500e-001	1.00573e+000
2.00000e+000	1.92500e-001	9.92347e-001
2.00000e+000	1.97500e-001	9.51152e-001
2.00000e+000	2.00000e-001	0.00000e+000

2.50000e+000	0.00000e+000	0.00000e+000
2.50000e+000	2.50000e-003	5.79252e-001
2.50000e+000	7.50000e-003	5.79252e-001
2.50000e+000	1.25000e-002	1.21661e-030
2.50000e+000	1.75000e-002	5.92133e-033
2.50000e+000	2.25000e-002	6.49479e-033
2.50000e+000	2.75000e-002	7.06016e-033
2.50000e+000	3.25000e-002	1.01786e-030
2.50000e+000	3.75000e-002	1.09251e-001
2.50000e+000	4.25000e-002	1.08588e-001
2.50000e+000	4.75000e-002	2.80159e-001
2.50000e+000	5.25000e-002	4.48227e-001
2.50000e+000	5.75000e-002	6.15333e-001
2.50000e+000	6.25000e-002	7.81540e-001
2.50000e+000	6.75000e-002	9.46746e-001
2.50000e+000	7.25000e-002	1.11325e+000
2.50000e+000	7.75000e-002	1.11966e+000
2.50000e+000	8.25000e-002	1.12590e+000
2.50000e+000	8.75000e-002	1.13197e+000
2.50000e+000	9.25000e-002	1.13788e+000
2.50000e+000	9.75000e-002	1.14362e+000
2.50000e+000	1.02500e-001	1.14919e+000
2.50000e+000	1.07500e-001	1.15461e+000
2.50000e+000	1.12500e-001	1.15988e+000
2.50000e+000	1.17500e-001	1.16499e+000
2.50000e+000	1.22500e-001	1.16995e+000
2.50000e+000	1.27500e-001	1.17476e+000
2.50000e+000	1.32500e-001	1.17942e+000
2.50000e+000	1.37500e-001	1.18395e+000
2.50000e+000	1.42500e-001	1.18833e+000
2.50000e+000	1.47500e-001	1.19257e+000
2.50000e+000	1.52500e-001	1.19667e+000
2.50000e+000	1.57500e-001	1.20063e+000
2.50000e+000	1.62500e-001	1.20444e+000
2.50000e+000	1.67500e-001	1.20810e+000
2.50000e+000	1.72500e-001	1.21157e+000
2.50000e+000	1.77500e-001	1.21481e+000
2.50000e+000	1.82500e-001	1.21770e+000
2.50000e+000	1.87500e-001	1.21993e+000
2.50000e+000	1.92500e-001	1.22029e+000
2.50000e+000	1.97500e-001	1.21015e+000
2.50000e+000	2.00000e-001	0.00000e+000

3.00000e+000	0.00000e+000	0.00000e+000
3.00000e+000	2.50000e-003	5.79178e-001
3.00000e+000	7.50000e-003	5.79327e-001
3.00000e+000	1.25000e-002	-4.23516e-022
3.00000e+000	1.75000e-002	-6.61744e-024
3.00000e+000	2.25000e-002	3.30872e-024
3.00000e+000	2.75000e-002	6.61744e-024
3.00000e+000	3.25000e-002	0.00000e+000
3.00000e+000	3.75000e-002	2.70589e-001
3.00000e+000	4.25000e-002	2.71027e-001
3.00000e+000	4.75000e-002	2.98938e-030
3.00000e+000	5.25000e-002	5.99222e-033
3.00000e+000	5.75000e-002	6.34826e-033
3.00000e+000	6.25000e-002	6.78279e-033
3.00000e+000	6.75000e-002	1.44438e-029
3.00000e+000	7.25000e-002	1.27011e+000
3.00000e+000	7.75000e-002	1.27129e+000
3.00000e+000	8.25000e-002	1.27243e+000
3.00000e+000	8.75000e-002	1.27358e+000
3.00000e+000	9.25000e-002	1.27473e+000
3.00000e+000	9.75000e-002	1.27589e+000
3.00000e+000	1.02500e-001	1.27706e+000
3.00000e+000	1.07500e-001	1.27822e+000
3.00000e+000	1.12500e-001	1.27938e+000
3.00000e+000	1.17500e-001	1.28053e+000
3.00000e+000	1.22500e-001	1.28168e+000
3.00000e+000	1.27500e-001	1.28281e+000
3.00000e+000	1.32500e-001	1.28392e+000
3.00000e+000	1.37500e-001	1.28500e+000
3.00000e+000	1.42500e-001	1.28606e+000
3.00000e+000	1.47500e-001	1.28709e+000
3.00000e+000	1.52500e-001	1.28806e+000
3.00000e+000	1.57500e-001	1.28898e+000
3.00000e+000	1.62500e-001	1.28982e+000
3.00000e+000	1.67500e-001	1.29055e+000
3.00000e+000	1.72500e-001	1.29113e+000
3.00000e+000	1.77500e-001	1.29148e+000
3.00000e+000	1.82500e-001	1.29142e+000
3.00000e+000	1.87500e-001	1.29054e+000
3.00000e+000	1.92500e-001	1.28732e+000
3.00000e+000	1.97500e-001	1.27335e+000
3.00000e+000	2.00000e-001	0.00000e+000

3.50000e+000	0.00000e+000	0.00000e+000
3.50000e+000	2.50000e-003	1.90527e-001
3.50000e+000	7.50000e-003	1.89512e-001
3.50000e+000	1.25000e-002	1.88972e-001
3.50000e+000	1.75000e-002	1.88763e-001
3.50000e+000	2.25000e-002	1.88611e-001
3.50000e+000	2.75000e-002	1.88515e-001
3.50000e+000	3.25000e-002	1.88473e-001
3.50000e+000	3.75000e-002	1.88487e-001
3.50000e+000	4.25000e-002	1.88262e-001
3.50000e+000	4.75000e-002	3.65837e-033
3.50000e+000	5.25000e-002	2.15404e-033
3.50000e+000	5.75000e-002	2.72867e-033
3.50000e+000	6.25000e-002	3.30279e-033
3.50000e+000	6.75000e-002	2.07436e-032
3.50000e+000	7.25000e-002	1.26567e+000
3.50000e+000	7.75000e-002	1.27142e+000
3.50000e+000	8.25000e-002	1.27410e+000
3.50000e+000	8.75000e-002	1.27654e+000
3.50000e+000	9.25000e-002	1.27877e+000
3.50000e+000	9.75000e-002	1.28081e+000
3.50000e+000	1.02500e-001	1.28267e+000
3.50000e+000	1.07500e-001	1.28437e+000
3.50000e+000	1.12500e-001	1.28592e+000
3.50000e+000	1.17500e-001	1.28732e+000
3.50000e+000	1.22500e-001	1.28857e+000
3.50000e+000	1.27500e-001	1.28968e+000
3.50000e+000	1.32500e-001	1.29064e+000
3.50000e+000	1.37500e-001	1.29145e+000
3.50000e+000	1.42500e-001	1.29209e+000
3.50000e+000	1.47500e-001	1.29256e+000
3.50000e+000	1.52500e-001	1.29282e+000
3.50000e+000	1.57500e-001	1.29284e+000
3.50000e+000	1.62500e-001	1.29258e+000
3.50000e+000	1.67500e-001	1.29196e+000
3.50000e+000	1.72500e-001	1.29084e+000
3.50000e+000	1.77500e-001	1.28898e+000
3.50000e+000	1.82500e-001	1.28592e+000
3.50000e+000	1.87500e-001	1.28043e+000
3.50000e+000	1.92500e-001	1.26752e+000
3.50000e+000	1.97500e-001	1.22596e+000
3.50000e+000	2.00000e-001	0.00000e+000

4.00000e+000	0.00000e+000	0.00000e+000
4.00000e+000	2.50000e-003	1.66275e-001
4.00000e+000	7.50000e-003	1.85660e-001
4.00000e+000	1.25000e-002	1.93522e-001
4.00000e+000	1.75000e-002	1.95614e-001
4.00000e+000	2.25000e-002	1.95820e-001
4.00000e+000	2.75000e-002	1.94996e-001
4.00000e+000	3.25000e-002	1.93341e-001
4.00000e+000	3.75000e-002	1.90799e-001
4.00000e+000	4.25000e-002	1.84093e-001
4.00000e+000	4.75000e-002	1.49777e-030
4.00000e+000	5.25000e-002	4.48550e-033
4.00000e+000	5.75000e-002	4.94753e-033
4.00000e+000	6.25000e-002	5.45985e-033
4.00000e+000	6.75000e-002	1.08037e-029
4.00000e+000	7.25000e-002	1.25344e+000
4.00000e+000	7.75000e-002	1.26580e+000
4.00000e+000	8.25000e-002	1.27140e+000
4.00000e+000	8.75000e-002	1.27630e+000
4.00000e+000	9.25000e-002	1.28060e+000
4.00000e+000	9.75000e-002	1.28440e+000
4.00000e+000	1.02500e-001	1.28774e+000
4.00000e+000	1.07500e-001	1.29067e+000
4.00000e+000	1.12500e-001	1.29323e+000
4.00000e+000	1.17500e-001	1.29545e+000
4.00000e+000	1.22500e-001	1.29734e+000
4.00000e+000	1.27500e-001	1.29890e+000
4.00000e+000	1.32500e-001	1.30015e+000
4.00000e+000	1.37500e-001	1.30107e+000
4.00000e+000	1.42500e-001	1.30166e+000
4.00000e+000	1.47500e-001	1.30188e+000
4.00000e+000	1.52500e-001	1.30170e+000
4.00000e+000	1.57500e-001	1.30105e+000
4.00000e+000	1.62500e-001	1.29983e+000
4.00000e+000	1.67500e-001	1.29791e+000
4.00000e+000	1.72500e-001	1.29501e+000
4.00000e+000	1.77500e-001	1.29065e+000
4.00000e+000	1.82500e-001	1.28381e+000
4.00000e+000	1.87500e-001	1.27154e+000
4.00000e+000	1.92500e-001	1.24078e+000
4.00000e+000	1.97500e-001	1.16013e+000
4.00000e+000	2.00000e-001	0.00000e+000

4.50000e+000	0.00000e+000	0.00000e+000
4.50000e+000	2.50000e-003	1.80215e-001
4.50000e+000	7.50000e-003	1.85635e-001
4.50000e+000	1.25000e-002	1.88087e-001
4.50000e+000	1.75000e-002	1.89521e-001
4.50000e+000	2.25000e-002	1.90475e-001
4.50000e+000	2.75000e-002	1.91118e-001
4.50000e+000	3.25000e-002	1.91526e-001
4.50000e+000	3.75000e-002	1.91745e-001
4.50000e+000	4.25000e-002	1.91800e-001
4.50000e+000	4.75000e-002	-2.11758e-022
4.50000e+000	5.25000e-002	3.30872e-024
4.50000e+000	5.75000e-002	0.00000e+000
4.50000e+000	6.25000e-002	-3.30872e-024
4.50000e+000	6.75000e-002	-4.23516e-022
4.50000e+000	7.25000e-002	1.19852e+000
4.50000e+000	7.75000e-002	1.20644e+000
4.50000e+000	8.25000e-002	1.21414e+000
4.50000e+000	8.75000e-002	1.22169e+000
4.50000e+000	9.25000e-002	1.22912e+000
4.50000e+000	9.75000e-002	1.23642e+000
4.50000e+000	1.02500e-001	1.24359e+000
4.50000e+000	1.07500e-001	1.25064e+000
4.50000e+000	1.12500e-001	1.25757e+000
4.50000e+000	1.17500e-001	1.26438e+000
4.50000e+000	1.22500e-001	1.27106e+000
4.50000e+000	1.27500e-001	1.27764e+000
4.50000e+000	1.32500e-001	1.28409e+000
4.50000e+000	1.37500e-001	1.29043e+000
4.50000e+000	1.42500e-001	1.29666e+000
4.50000e+000	1.47500e-001	1.30277e+000
4.50000e+000	1.52500e-001	1.30876e+000
4.50000e+000	1.57500e-001	1.31462e+000
4.50000e+000	1.62500e-001	1.32034e+000
4.50000e+000	1.67500e-001	1.32590e+000
4.50000e+000	1.72500e-001	1.33126e+000
4.50000e+000	1.77500e-001	1.33632e+000
4.50000e+000	1.82500e-001	1.34091e+000
4.50000e+000	1.87500e-001	1.34449e+000
4.50000e+000	1.92500e-001	1.34505e+000
4.50000e+000	1.97500e-001	1.32961e+000
4.50000e+000	2.00000e-001	0.00000e+000

5.00000e+000	0.00000e+000	0.00000e+000
5.00000e+000	2.50000e-003	8.32461e-001
5.00000e+000	7.50000e-003	8.45925e-001
5.00000e+000	1.25000e-002	8.51842e-001
5.00000e+000	1.75000e-002	8.55634e-001
5.00000e+000	2.25000e-002	8.58605e-001
5.00000e+000	2.75000e-002	8.61143e-001
5.00000e+000	3.25000e-002	8.63419e-001
5.00000e+000	3.75000e-002	8.65523e-001
5.00000e+000	4.25000e-002	8.67508e-001
5.00000e+000	4.75000e-002	8.69412e-001
5.00000e+000	5.25000e-002	8.71509e-001
5.00000e+000	5.75000e-002	8.73912e-001
5.00000e+000	6.25000e-002	8.76595e-001
5.00000e+000	6.75000e-002	8.79535e-001
5.00000e+000	7.25000e-002	8.82768e-001
5.00000e+000	7.75000e-002	8.85784e-001
5.00000e+000	8.25000e-002	8.88596e-001
5.00000e+000	8.75000e-002	8.91207e-001
5.00000e+000	9.25000e-002	8.93622e-001
5.00000e+000	9.75000e-002	8.95844e-001
5.00000e+000	1.02500e-001	8.97875e-001
5.00000e+000	1.07500e-001	8.99718e-001
5.00000e+000	1.12500e-001	9.01373e-001
5.00000e+000	1.17500e-001	9.02841e-001
5.00000e+000	1.22500e-001	9.04123e-001
5.00000e+000	1.27500e-001	9.05216e-001
5.00000e+000	1.32500e-001	9.06121e-001
5.00000e+000	1.37500e-001	9.06835e-001
5.00000e+000	1.42500e-001	9.07355e-001
5.00000e+000	1.47500e-001	9.07677e-001
5.00000e+000	1.52500e-001	9.07796e-001
5.00000e+000	1.57500e-001	9.07708e-001
5.00000e+000	1.62500e-001	8.94474e-001
5.00000e+000	1.67500e-001	8.80920e-001
5.00000e+000	1.72500e-001	8.66903e-001
5.00000e+000	1.77500e-001	8.52419e-001
5.00000e+000	1.82500e-001	8.37475e-001
5.00000e+000	1.87500e-001	8.15059e-001
5.00000e+000	1.92500e-001	8.15731e-001
5.00000e+000	1.97500e-001	8.14102e-001
5.00000e+000	2.00000e-001	0.00000e+000

5.50000e+000	0.00000e+000	0.00000e+000
5.50000e+000	2.50000e-003	1.00024e+000
5.50000e+000	7.50000e-003	1.01733e+000
5.50000e+000	1.25000e-002	1.02238e+000
5.50000e+000	1.75000e-002	1.02461e+000
5.50000e+000	2.25000e-002	1.02584e+000
5.50000e+000	2.75000e-002	1.02657e+000
5.50000e+000	3.25000e-002	1.02703e+000
5.50000e+000	3.75000e-002	1.02729e+000
5.50000e+000	4.25000e-002	1.02743e+000
5.50000e+000	4.75000e-002	1.02748e+000
5.50000e+000	5.25000e-002	1.02745e+000
5.50000e+000	5.75000e-002	1.02737e+000
5.50000e+000	6.25000e-002	1.02725e+000
5.50000e+000	6.75000e-002	1.02710e+000
5.50000e+000	7.25000e-002	1.02691e+000
5.50000e+000	7.75000e-002	1.02670e+000
5.50000e+000	8.25000e-002	1.02646e+000
5.50000e+000	8.75000e-002	1.02621e+000
5.50000e+000	9.25000e-002	1.02594e+000
5.50000e+000	9.75000e-002	1.02565e+000
5.50000e+000	1.02500e-001	1.02534e+000
5.50000e+000	1.07500e-001	1.02502e+000
5.50000e+000	1.12500e-001	1.02468e+000
5.50000e+000	1.17500e-001	1.02433e+000
5.50000e+000	1.22500e-001	1.02397e+000
5.50000e+000	1.27500e-001	1.02360e+000
5.50000e+000	1.32500e-001	1.02321e+000
5.50000e+000	1.37500e-001	1.02282e+000
5.50000e+000	1.42500e-001	1.02241e+000
5.50000e+000	1.47500e-001	1.02199e+000
5.50000e+000	1.52500e-001	1.02157e+000
5.50000e+000	1.57500e-001	1.02113e+000
5.50000e+000	1.62500e-001	9.34921e-030
5.50000e+000	1.67500e-001	5.89570e-033
5.50000e+000	1.72500e-001	6.21222e-033
5.50000e+000	1.77500e-001	6.53717e-033
5.50000e+000	1.82500e-001	4.44446e-030
5.50000e+000	1.87500e-001	7.55635e-001
5.50000e+000	1.92500e-001	7.57127e-001
5.50000e+000	1.97500e-001	7.56474e-001
5.50000e+000	2.00000e-001	0.00000e+000

6.00000e+000	0.00000e+000	0.00000e+000
6.00000e+000	2.50000e-003	9.52813e-001
6.00000e+000	7.50000e-003	9.92272e-001
6.00000e+000	1.25000e-002	1.00506e+000
6.00000e+000	1.75000e-002	1.01106e+000
6.00000e+000	2.25000e-002	1.01490e+000
6.00000e+000	2.75000e-002	1.01769e+000
6.00000e+000	3.25000e-002	1.01986e+000
6.00000e+000	3.75000e-002	1.02164e+000
6.00000e+000	4.25000e-002	1.02312e+000
6.00000e+000	4.75000e-002	1.02440e+000
6.00000e+000	5.25000e-002	1.02552e+000
6.00000e+000	5.75000e-002	1.02651e+000
6.00000e+000	6.25000e-002	1.02740e+000
6.00000e+000	6.75000e-002	1.02820e+000
6.00000e+000	7.25000e-002	1.02892e+000
6.00000e+000	7.75000e-002	1.02958e+000
6.00000e+000	8.25000e-002	1.03019e+000
6.00000e+000	8.75000e-002	1.03075e+000
6.00000e+000	9.25000e-002	1.03127e+000
6.00000e+000	9.75000e-002	1.03175e+000
6.00000e+000	1.02500e-001	1.03219e+000
6.00000e+000	1.07500e-001	1.03260e+000
6.00000e+000	1.12500e-001	1.03298e+000
6.00000e+000	1.17500e-001	1.03333e+000
6.00000e+000	1.22500e-001	1.03365e+000
6.00000e+000	1.27500e-001	1.03395e+000
6.00000e+000	1.32500e-001	1.03417e+000
6.00000e+000	1.37500e-001	1.03428e+000
6.00000e+000	1.42500e-001	1.03423e+000
6.00000e+000	1.47500e-001	1.03396e+000
6.00000e+000	1.52500e-001	1.03342e+000
6.00000e+000	1.57500e-001	1.03163e+000
6.00000e+000	1.62500e-001	1.69051e-032
6.00000e+000	1.67500e-001	3.25232e-033
6.00000e+000	1.72500e-001	3.21708e-033
6.00000e+000	1.77500e-001	3.18140e-033
6.00000e+000	1.82500e-001	9.41014e-033
6.00000e+000	1.87500e-001	7.39948e-001
6.00000e+000	1.92500e-001	7.75929e-001
6.00000e+000	1.97500e-001	7.53359e-001
6.00000e+000	2.00000e-001	0.00000e+000

6.50000e+000	0.00000e+000	0.00000e+000
6.50000e+000	2.50000e-003	1.21497e+000
6.50000e+000	7.50000e-003	1.22391e+000
6.50000e+000	1.25000e-002	1.22294e+000
6.50000e+000	1.75000e-002	1.22028e+000
6.50000e+000	2.25000e-002	1.21704e+000
6.50000e+000	2.75000e-002	1.21349e+000
6.50000e+000	3.25000e-002	1.20973e+000
6.50000e+000	3.75000e-002	1.20580e+000
6.50000e+000	4.25000e-002	1.20173e+000
6.50000e+000	4.75000e-002	1.19752e+000
6.50000e+000	5.25000e-002	1.19318e+000
6.50000e+000	5.75000e-002	1.18871e+000
6.50000e+000	6.25000e-002	1.18409e+000
6.50000e+000	6.75000e-002	1.17935e+000
6.50000e+000	7.25000e-002	1.17446e+000
6.50000e+000	7.75000e-002	1.16944e+000
6.50000e+000	8.25000e-002	1.16426e+000
6.50000e+000	8.75000e-002	1.15894e+000
6.50000e+000	9.25000e-002	1.15347e+000
6.50000e+000	9.75000e-002	1.14785e+000
6.50000e+000	1.02500e-001	1.14207e+000
6.50000e+000	1.07500e-001	1.13613e+000
6.50000e+000	1.12500e-001	1.13003e+000
6.50000e+000	1.17500e-001	1.12376e+000
6.50000e+000	1.22500e-001	1.11733e+000
6.50000e+000	1.27500e-001	9.49272e-001
6.50000e+000	1.32500e-001	7.82735e-001
6.50000e+000	1.37500e-001	6.15297e-001
6.50000e+000	1.42500e-001	4.47083e-001
6.50000e+000	1.47500e-001	2.78076e-001
6.50000e+000	1.52500e-001	1.04829e-001
6.50000e+000	1.57500e-001	1.05554e-001
6.50000e+000	1.62500e-001	7.71132e-031
6.50000e+000	1.67500e-001	5.88996e-033
6.50000e+000	1.72500e-001	5.52969e-033
6.50000e+000	1.77500e-001	4.98902e-033
6.50000e+000	1.82500e-001	2.33391e-030
6.50000e+000	1.87500e-001	7.23567e-001
6.50000e+000	1.92500e-001	7.90178e-001
6.50000e+000	1.97500e-001	7.55491e-001
6.50000e+000	2.00000e-001	0.00000e+000

7.00000e+000	0.00000e+000	0.00000e+000
7.00000e+000	2.50000e-003	1.29062e+000
7.00000e+000	7.50000e-003	1.30391e+000
7.00000e+000	1.25000e-002	1.30675e+000
7.00000e+000	1.75000e-002	1.30735e+000
7.00000e+000	2.25000e-002	1.30718e+000
7.00000e+000	2.75000e-002	1.30663e+000
7.00000e+000	3.25000e-002	1.30587e+000
7.00000e+000	3.75000e-002	1.30497e+000
7.00000e+000	4.25000e-002	1.30398e+000
7.00000e+000	4.75000e-002	1.30292e+000
7.00000e+000	5.25000e-002	1.30182e+000
7.00000e+000	5.75000e-002	1.30067e+000
7.00000e+000	6.25000e-002	1.29951e+000
7.00000e+000	6.75000e-002	1.29832e+000
7.00000e+000	7.25000e-002	1.29712e+000
7.00000e+000	7.75000e-002	1.29591e+000
7.00000e+000	8.25000e-002	1.29470e+000
7.00000e+000	8.75000e-002	1.29348e+000
7.00000e+000	9.25000e-002	1.29227e+000
7.00000e+000	9.75000e-002	1.29106e+000
7.00000e+000	1.02500e-001	1.28987e+000
7.00000e+000	1.07500e-001	1.28868e+000
7.00000e+000	1.12500e-001	1.28751e+000
7.00000e+000	1.17500e-001	1.28636e+000
7.00000e+000	1.22500e-001	1.28517e+000
7.00000e+000	1.27500e-001	1.48722e-029
7.00000e+000	1.32500e-001	6.40593e-033
7.00000e+000	1.37500e-001	5.62246e-033
7.00000e+000	1.42500e-001	4.91844e-033
7.00000e+000	1.47500e-001	1.85809e-030
7.00000e+000	1.52500e-001	1.65497e-001
7.00000e+000	1.57500e-001	1.65194e-001
7.00000e+000	1.62500e-001	0.00000e+000
7.00000e+000	1.67500e-001	0.00000e+000
7.00000e+000	1.72500e-001	2.64698e-023
7.00000e+000	1.77500e-001	2.64698e-023
7.00000e+000	1.82500e-001	3.38813e-021
7.00000e+000	1.87500e-001	7.57149e-001
7.00000e+000	1.92500e-001	7.58488e-001
7.00000e+000	1.97500e-001	7.53599e-001
7.00000e+000	2.00000e-001	0.00000e+000

7.50000e+000	0.00000e+000	0.00000e+000
7.50000e+000	2.50000e-003	1.24248e+000
7.50000e+000	7.50000e-003	1.28401e+000
7.50000e+000	1.25000e-002	1.29682e+000
7.50000e+000	1.75000e-002	1.30218e+000
7.50000e+000	2.25000e-002	1.30511e+000
7.50000e+000	2.75000e-002	1.30681e+000
7.50000e+000	3.25000e-002	1.30779e+000
7.50000e+000	3.75000e-002	1.30827e+000
7.50000e+000	4.25000e-002	1.30838e+000
7.50000e+000	4.75000e-002	1.30821e+000
7.50000e+000	5.25000e-002	1.30779e+000
7.50000e+000	5.75000e-002	1.30717e+000
7.50000e+000	6.25000e-002	1.30637e+000
7.50000e+000	6.75000e-002	1.30540e+000
7.50000e+000	7.25000e-002	1.30427e+000
7.50000e+000	7.75000e-002	1.30299e+000
7.50000e+000	8.25000e-002	1.30155e+000
7.50000e+000	8.75000e-002	1.29996e+000
7.50000e+000	9.25000e-002	1.29820e+000
7.50000e+000	9.75000e-002	1.29628e+000
7.50000e+000	1.02500e-001	1.29418e+000
7.50000e+000	1.07500e-001	1.29188e+000
7.50000e+000	1.12500e-001	1.28935e+000
7.50000e+000	1.17500e-001	1.28658e+000
7.50000e+000	1.22500e-001	1.28060e+000
7.50000e+000	1.27500e-001	2.12684e-032
7.50000e+000	1.32500e-001	3.46414e-033
7.50000e+000	1.37500e-001	2.81963e-033
7.50000e+000	1.42500e-001	2.17480e-033
7.50000e+000	1.47500e-001	4.81390e-033
7.50000e+000	1.52500e-001	2.57926e-001
7.50000e+000	1.57500e-001	2.58259e-001
7.50000e+000	1.62500e-001	2.58411e-001
7.50000e+000	1.67500e-001	2.58649e-001
7.50000e+000	1.72500e-001	2.58978e-001
7.50000e+000	1.77500e-001	2.59400e-001
7.50000e+000	1.82500e-001	2.59917e-001
7.50000e+000	1.87500e-001	2.60947e-001
7.50000e+000	1.92500e-001	2.62922e-001
7.50000e+000	1.97500e-001	2.64518e-001
7.50000e+000	2.00000e-001	0.00000e+000

8.00000e+000	0.00000e+000	0.00000e+000
8.00000e+000	2.50000e-003	1.17696e+000
8.00000e+000	7.50000e-003	1.25830e+000
8.00000e+000	1.25000e-002	1.28955e+000
8.00000e+000	1.75000e-002	1.30188e+000
8.00000e+000	2.25000e-002	1.30862e+000
8.00000e+000	2.75000e-002	1.31280e+000
8.00000e+000	3.25000e-002	1.31548e+000
8.00000e+000	3.75000e-002	1.31714e+000
8.00000e+000	4.25000e-002	1.31806e+000
8.00000e+000	4.75000e-002	1.31839e+000
8.00000e+000	5.25000e-002	1.31822e+000
8.00000e+000	5.75000e-002	1.31761e+000
8.00000e+000	6.25000e-002	1.31662e+000
8.00000e+000	6.75000e-002	1.31525e+000
8.00000e+000	7.25000e-002	1.31353e+000
8.00000e+000	7.75000e-002	1.31145e+000
8.00000e+000	8.25000e-002	1.30900e+000
8.00000e+000	8.75000e-002	1.30618e+000
8.00000e+000	9.25000e-002	1.30296e+000
8.00000e+000	9.75000e-002	1.29930e+000
8.00000e+000	1.02500e-001	1.29516e+000
8.00000e+000	1.07500e-001	1.29046e+000
8.00000e+000	1.12500e-001	1.28512e+000
8.00000e+000	1.17500e-001	1.27901e+000
8.00000e+000	1.22500e-001	1.26558e+000
8.00000e+000	1.27500e-001	1.24990e-029
8.00000e+000	1.32500e-001	4.08969e-033
8.00000e+000	1.37500e-001	3.90038e-033
8.00000e+000	1.42500e-001	3.78900e-033
8.00000e+000	1.47500e-001	2.24864e-030
8.00000e+000	1.52500e-001	2.55651e-001
8.00000e+000	1.57500e-001	2.61817e-001
8.00000e+000	1.62500e-001	2.64232e-001
8.00000e+000	1.67500e-001	2.65922e-001
8.00000e+000	1.72500e-001	2.66951e-001
8.00000e+000	1.77500e-001	2.67260e-001
8.00000e+000	1.82500e-001	2.66574e-001
8.00000e+000	1.87500e-001	2.63945e-001
8.00000e+000	1.92500e-001	2.55178e-001
8.00000e+000	1.97500e-001	2.32398e-001
8.00000e+000	2.00000e-001	0.00000e+000

8.50000e+000	0.00000e+000	0.00000e+000
8.50000e+000	2.50000e-003	1.27307e+000
8.50000e+000	7.50000e-003	1.29622e+000
8.50000e+000	1.25000e-002	1.30261e+000
8.50000e+000	1.75000e-002	1.30488e+000
8.50000e+000	2.25000e-002	1.30568e+000
8.50000e+000	2.75000e-002	1.30576e+000
8.50000e+000	3.25000e-002	1.30545e+000
8.50000e+000	3.75000e-002	1.30488e+000
8.50000e+000	4.25000e-002	1.30415e+000
8.50000e+000	4.75000e-002	1.30331e+000
8.50000e+000	5.25000e-002	1.30240e+000
8.50000e+000	5.75000e-002	1.30144e+000
8.50000e+000	6.25000e-002	1.30045e+000
8.50000e+000	6.75000e-002	1.29944e+000
8.50000e+000	7.25000e-002	1.29844e+000
8.50000e+000	7.75000e-002	1.29744e+000
8.50000e+000	8.25000e-002	1.29646e+000
8.50000e+000	8.75000e-002	1.29550e+000
8.50000e+000	9.25000e-002	1.29458e+000
8.50000e+000	9.75000e-002	1.29369e+000
8.50000e+000	1.02500e-001	1.29284e+000
8.50000e+000	1.07500e-001	1.29204e+000
8.50000e+000	1.12500e-001	1.29130e+000
8.50000e+000	1.17500e-001	1.29062e+000
8.50000e+000	1.22500e-001	1.29000e+000
8.50000e+000	1.27500e-001	0.00000e+000
8.50000e+000	1.32500e-001	6.61744e-024
8.50000e+000	1.37500e-001	0.00000e+000
8.50000e+000	1.42500e-001	-6.61744e-024
8.50000e+000	1.47500e-001	0.00000e+000
8.50000e+000	1.52500e-001	2.63409e-001
8.50000e+000	1.57500e-001	2.63386e-001
8.50000e+000	1.62500e-001	2.63204e-001
8.50000e+000	1.67500e-001	2.62843e-001
8.50000e+000	1.72500e-001	2.62272e-001
8.50000e+000	1.77500e-001	2.61445e-001
8.50000e+000	1.82500e-001	2.60269e-001
8.50000e+000	1.87500e-001	2.58541e-001
8.50000e+000	1.92500e-001	2.55599e-001
8.50000e+000	1.97500e-001	2.48959e-001
8.50000e+000	2.00000e-001	0.00000e+000

9.00000e+000	0.00000e+000	0.00000e+000
9.00000e+000	2.50000e-003	9.13051e-001
9.00000e+000	7.50000e-003	9.23416e-001
9.00000e+000	1.25000e-002	9.24865e-001
9.00000e+000	1.75000e-002	9.24442e-001
9.00000e+000	2.25000e-002	9.23326e-001
9.00000e+000	2.75000e-002	9.21832e-001
9.00000e+000	3.25000e-002	9.20082e-001
9.00000e+000	3.75000e-002	9.18135e-001
9.00000e+000	4.25000e-002	9.16019e-001
9.00000e+000	4.75000e-002	9.13750e-001
9.00000e+000	5.25000e-002	9.11338e-001
9.00000e+000	5.75000e-002	9.08785e-001
9.00000e+000	6.25000e-002	9.06095e-001
9.00000e+000	6.75000e-002	9.03268e-001
9.00000e+000	7.25000e-002	9.00301e-001
9.00000e+000	7.75000e-002	8.97194e-001
9.00000e+000	8.25000e-002	8.93944e-001
9.00000e+000	8.75000e-002	8.90548e-001
9.00000e+000	9.25000e-002	8.87001e-001
9.00000e+000	9.75000e-002	8.83300e-001
9.00000e+000	1.02500e-001	8.79441e-001
9.00000e+000	1.07500e-001	8.75419e-001
9.00000e+000	1.12500e-001	8.71229e-001
9.00000e+000	1.17500e-001	8.66864e-001
9.00000e+000	1.22500e-001	8.62319e-001
9.00000e+000	1.27500e-001	8.57576e-001
9.00000e+000	1.32500e-001	8.53381e-001
9.00000e+000	1.37500e-001	8.49643e-001
9.00000e+000	1.42500e-001	8.46378e-001
9.00000e+000	1.47500e-001	8.43603e-001
9.00000e+000	1.52500e-001	8.41150e-001
9.00000e+000	1.57500e-001	8.38648e-001
9.00000e+000	1.62500e-001	8.36058e-001
9.00000e+000	1.67500e-001	8.33341e-001
9.00000e+000	1.72500e-001	8.30435e-001
9.00000e+000	1.77500e-001	8.27232e-001
9.00000e+000	1.82500e-001	8.23531e-001
9.00000e+000	1.87500e-001	8.18856e-001
9.00000e+000	1.92500e-001	8.11577e-001
9.00000e+000	1.97500e-001	7.95189e-001
9.00000e+000	2.00000e-001	0.00000e+000

9.50000e+000	0.00000e+000	0.00000e+000
9.50000e+000	2.50000e-003	8.27041e-001
9.50000e+000	7.50000e-003	8.63395e-001
9.50000e+000	1.25000e-002	8.75116e-001
9.50000e+000	1.75000e-002	8.80239e-001
9.50000e+000	2.25000e-002	8.83230e-001
9.50000e+000	2.75000e-002	8.85176e-001
9.50000e+000	3.25000e-002	8.86504e-001
9.50000e+000	3.75000e-002	8.87420e-001
9.50000e+000	4.25000e-002	8.88040e-001
9.50000e+000	4.75000e-002	8.88435e-001
9.50000e+000	5.25000e-002	8.88653e-001
9.50000e+000	5.75000e-002	8.88725e-001
9.50000e+000	6.25000e-002	8.88676e-001
9.50000e+000	6.75000e-002	8.88522e-001
9.50000e+000	7.25000e-002	8.88276e-001
9.50000e+000	7.75000e-002	8.87949e-001
9.50000e+000	8.25000e-002	8.87548e-001
9.50000e+000	8.75000e-002	8.87079e-001
9.50000e+000	9.25000e-002	8.86547e-001
9.50000e+000	9.75000e-002	8.85956e-001
9.50000e+000	1.02500e-001	8.85309e-001
9.50000e+000	1.07500e-001	8.84606e-001
9.50000e+000	1.12500e-001	8.83849e-001
9.50000e+000	1.17500e-001	8.83037e-001
9.50000e+000	1.22500e-001	8.82170e-001
9.50000e+000	1.27500e-001	8.81245e-001
9.50000e+000	1.32500e-001	8.80256e-001
9.50000e+000	1.37500e-001	8.79198e-001
9.50000e+000	1.42500e-001	8.78058e-001
9.50000e+000	1.47500e-001	8.76819e-001
9.50000e+000	1.52500e-001	8.75457e-001
9.50000e+000	1.57500e-001	8.73935e-001
9.50000e+000	1.62500e-001	8.72204e-001
9.50000e+000	1.67500e-001	8.70188e-001
9.50000e+000	1.72500e-001	8.67763e-001
9.50000e+000	1.77500e-001	8.64714e-001
9.50000e+000	1.82500e-001	8.60603e-001
9.50000e+000	1.87500e-001	8.54319e-001
9.50000e+000	1.92500e-001	8.41382e-001
9.50000e+000	1.97500e-001	8.04926e-001
9.50000e+000	2.00000e-001	0.00000e+000

1.00000e+001	0.00000e+000	0.00000e+000
1.00000e+001	2.50000e-003	8.27041e-001
1.00000e+001	7.50000e-003	8.63395e-001
1.00000e+001	1.25000e-002	8.75116e-001
1.00000e+001	1.75000e-002	8.80239e-001
1.00000e+001	2.25000e-002	8.83230e-001
1.00000e+001	2.75000e-002	8.85176e-001
1.00000e+001	3.25000e-002	8.86504e-001
1.00000e+001	3.75000e-002	8.87420e-001
1.00000e+001	4.25000e-002	8.88040e-001
1.00000e+001	4.75000e-002	8.88435e-001
1.00000e+001	5.25000e-002	8.88653e-001
1.00000e+001	5.75000e-002	8.88725e-001
1.00000e+001	6.25000e-002	8.88676e-001
1.00000e+001	6.75000e-002	8.88522e-001
1.00000e+001	7.25000e-002	8.88276e-001
1.00000e+001	7.75000e-002	8.87949e-001
1.00000e+001	8.25000e-002	8.87548e-001
1.00000e+001	8.75000e-002	8.87079e-001
1.00000e+001	9.25000e-002	8.86547e-001
1.00000e+001	9.75000e-002	8.85956e-001
1.00000e+001	1.02500e-001	8.85309e-001
1.00000e+001	1.07500e-001	8.84606e-001
1.00000e+001	1.12500e-001	8.83849e-001
1.00000e+001	1.17500e-001	8.83037e-001
1.00000e+001	1.22500e-001	8.82170e-001
1.00000e+001	1.27500e-001	8.81245e-001
1.00000e+001	1.32500e-001	8.80256e-001
1.00000e+001	1.37500e-001	8.79198e-001
1.00000e+001	1.42500e-001	8.78058e-001
1.00000e+001	1.47500e-001	8.76819e-001
1.00000e+001	1.52500e-001	8.75457e-001
1.00000e+001	1.57500e-001	8.73935e-001
1.00000e+001	1.62500e-001	8.72204e-001
1.00000e+001	1.67500e-001	8.70188e-001
1.00000e+001	1.72500e-001	8.67763e-001
1.00000e+001	1.77500e-001	8.64714e-001
1.00000e+001	1.82500e-001	8.60603e-001
1.00000e+001	1.87500e-001	8.54319e-001
1.00000e+001	1.92500e-001	8.41382e-001
1.00000e+001	1.97500e-001	8.04926e-001
1.00000e+001	2.00000e-001	0.00000e+000

