0.00000e+000	0.00000e+000	0.00000e+000
0.00000e+000	5.00000e-003	0.00000e+000
0.00000e+000	1.00000e-002	0.00000e+000
0.00000e+000	1.50000e-002	0.00000e+000
0.00000e+000	2.00000e-002	0.00000e+000
0.00000e+000	2.50000e-002	0.00000e+000
0.00000e+000	3.00000e-002	0.00000e+000
0.00000e+000	3.50000e-002	0.00000e+000
0.00000e+000	4.00000e-002	0.00000e+000
0.00000e+000	4.50000e-002	0.00000e+000
0.00000e+000	5.00000e-002	0.00000e+000
0.00000e+000	5.50000e-002	0.00000e+000
0.00000e+000	6.00000e-002	0.00000e+000
0.00000e+000	6.50000e-002	0.00000e+000
0.00000e+000	7.00000e-002	0.00000e+000
0.00000e+000	7.50000e-002	0.00000e+000
0.00000e+000	8.00000e-002	0.00000e+000
0.00000e+000	8.50000e-002	0.00000e+000
0.00000e+000	9.00000e-002	0.00000e+000
0.00000e+000	9.50000e-002	0.00000e+000
0.00000e+000	1.00000e-001	0.00000e+000
0.00000e+000	1.05000e-001	0.00000e+000
0.00000e+000	1.10000e-001	0.00000e+000
0.00000e+000	1.15000e-001	0.00000e+000
0.00000e+000	1.20000e-001	0.00000e+000
0.00000e+000	1.25000e-001	0.00000e+000
0.00000e+000	1.30000e-001	0.00000e+000
0.00000e+000	1.35000e-001	0.00000e+000
0.00000e+000	1.40000e-001	0.00000e+000
0.00000e+000	1.45000e-001	0.00000e+000
0.00000e+000	1.50000e-001	0.00000e+000
0.00000e+000	1.55000e-001	0.00000e+000
0.00000e+000	1.60000e-001	0.00000e+000
0.00000e+000	1.65000e-001	0.00000e+000
0.00000e+000	1.70000e-001	0.00000e+000
0.00000e+000	1.75000e-001	0.00000e+000
0.00000e+000	1.80000e-001	0.00000e+000
0.00000e+000	1.85000e-001	0.00000e+000
0.00000e+000	1.90000e-001	0.00000e+000
0.00000e+000	1.95000e-001	0.00000e+000
0.00000e+000	2.00000e-001	0.00000e+000

2.50000e-001	0.00000e+000	0.00000e+000
2.50000e-001	5.00000e-003	-3.30966e-003
2.50000e-001	1.00000e-002	-1.81717e-003
2.50000e-001	1.50000e-002	-8.39524e-004
2.50000e-001	2.00000e-002	-1.99590e-004
2.50000e-001	2.50000e-002	2.97499e-004
2.50000e-001	3.00000e-002	6.90445e-004
2.50000e-001	3.50000e-002	9.59223e-004
2.50000e-001	4.00000e-002	1.10590e-003
2.50000e-001	4.50000e-002	1.15109e-003
2.50000e-001	5.00000e-002	1.11907e-003
2.50000e-001	5.50000e-002	1.03153e-003
2.50000e-001	6.00000e-002	9.05954e-004
2.50000e-001	6.50000e-002	7.55481e-004
2.50000e-001	7.00000e-002	5.89614e-004
2.50000e-001	7.50000e-002	4.15375e-004
2.50000e-001	8.00000e-002	2.39002e-004
2.50000e-001	8.50000e-002	6.88777e-005
2.50000e-001	9.00000e-002	-7.73784e-005
2.50000e-001	9.50000e-002	-1.51115e-004
2.50000e-001	1.00000e-001	-1.48795e-008
2.50000e-001	1.05000e-001	1.51086e-004
2.50000e-001	1.10000e-001	7.73500e-005
2.50000e-001	1.15000e-001	-6.89050e-005
2.50000e-001	1.20000e-001	-2.39027e-004
2.50000e-001	1.25000e-001	-4.15400e-004
2.50000e-001	1.30000e-001	-5.89637e-004
2.50000e-001	1.35000e-001	-7.55502e-004
2.50000e-001	1.40000e-001	-9.05974e-004
2.50000e-001	1.45000e-001	-1.03155e-003
2.50000e-001	1.50000e-001	-1.11908e-003
2.50000e-001	1.55000e-001	-1.15110e-003
2.50000e-001	1.60000e-001	-1.10591e-003
2.50000e-001	1.65000e-001	-9.59234e-004
2.50000e-001	1.70000e-001	-6.90455e-004
2.50000e-001	1.75000e-001	-2.97507e-004
2.50000e-001	1.80000e-001	1.99583e-004
2.50000e-001	1.85000e-001	8.39519e-004
2.50000e-001	1.90000e-001	1.81716e-003
2.50000e-001	1.95000e-001	3.30966e-003
2.50000e-001	2.00000e-001	0.00000e+000

7.50000e-001	0.00000e+000	0.00000e+000
7.50000e-001	5.00000e-003	-8.65962e-004
7.50000e-001	1.00000e-002	-1.41273e-003
7.50000e-001	1.50000e-002	-1.64496e-003
7.50000e-001	2.00000e-002	-1.52718e-003
7.50000e-001	2.50000e-002	-1.26394e-003
7.50000e-001	3.00000e-002	-9.53905e-004
7.50000e-001	3.50000e-002	-6.31163e-004
7.50000e-001	4.00000e-002	-3.30549e-004
7.50000e-001	4.50000e-002	-8.33303e-005
7.50000e-001	5.00000e-002	9.29376e-005
7.50000e-001	5.50000e-002	1.94792e-004
7.50000e-001	6.00000e-002	2.29060e-004
7.50000e-001	6.50000e-002	2.08458e-004
7.50000e-001	7.00000e-002	1.48094e-004
7.50000e-001	7.50000e-002	6.34840e-005
7.50000e-001	8.00000e-002	-2.96062e-005
7.50000e-001	8.50000e-002	-1.13285e-004
7.50000e-001	9.00000e-002	-1.62953e-004
7.50000e-001	9.50000e-002	-1.39933e-004
7.50000e-001	1.00000e-001	-1.64160e-007
7.50000e-001	1.05000e-001	1.39609e-004
7.50000e-001	1.10000e-001	1.62639e-004
7.50000e-001	1.15000e-001	1.12984e-004
7.50000e-001	1.20000e-001	2.93208e-005
7.50000e-001	1.25000e-001	-6.37530e-005
7.50000e-001	1.30000e-001	-1.48345e-004
7.50000e-001	1.35000e-001	-2.08692e-004
7.50000e-001	1.40000e-001	-2.29275e-004
7.50000e-001	1.45000e-001	-1.94989e-004
7.50000e-001	1.50000e-001	-9.31161e-005
7.50000e-001	1.55000e-001	8.31704e-005
7.50000e-001	1.60000e-001	3.30407e-004
7.50000e-001	1.65000e-001	6.31040e-004
7.50000e-001	1.70000e-001	9.53800e-004
7.50000e-001	1.75000e-001	1.26386e-003
7.50000e-001	1.80000e-001	1.52711e-003
7.50000e-001	1.85000e-001	1.64491e-003
7.50000e-001	1.90000e-001	1.41270e-003
7.50000e-001	1.95000e-001	8.65947e-004
7.50000e-001	2.00000e-001	0.00000e+000

1.25000e+000	0.00000e+000	0.00000e+000
1.25000e+000	5.00000e-003	-1.09158e-003
1.25000e+000	1.00000e-002	-2.03481e-003
1.25000e+000	1.50000e-002	-2.71942e-003
1.25000e+000	2.00000e-002	-3.10522e-003
1.25000e+000	2.50000e-002	-3.23525e-003
1.25000e+000	3.00000e-002	-3.16840e-003
1.25000e+000	3.50000e-002	-2.95712e-003
1.25000e+000	4.00000e-002	-2.65012e-003
1.25000e+000	4.50000e-002	-2.29282e-003
1.25000e+000	5.00000e-002	-1.92519e-003
1.25000e+000	5.50000e-002	-1.57913e-003
1.25000e+000	6.00000e-002	-1.27644e-003
1.25000e+000	6.50000e-002	-1.02797e-003
1.25000e+000	7.00000e-002	-8.34130e-004
1.25000e+000	7.50000e-002	-6.86763e-004
1.25000e+000	8.00000e-002	-5.71327e-004
1.25000e+000	8.50000e-002	-4.68632e-004
1.25000e+000	9.00000e-002	-3.55394e-004
1.25000e+000	9.50000e-002	-2.04887e-004
1.25000e+000	1.00000e-001	-1.88222e-006
1.25000e+000	1.05000e-001	2.01169e-004
1.25000e+000	1.10000e-001	3.51799e-004
1.25000e+000	1.15000e-001	4.65202e-004
1.25000e+000	1.20000e-001	5.68083e-004
1.25000e+000	1.25000e-001	6.83716e-004
1.25000e+000	1.30000e-001	8.31289e-004
1.25000e+000	1.35000e-001	1.02534e-003
1.25000e+000	1.40000e-001	1.27403e-003
1.25000e+000	1.45000e-001	1.57693e-003
1.25000e+000	1.50000e-001	1.92320e-003
1.25000e+000	1.55000e-001	2.29105e-003
1.25000e+000	1.60000e-001	2.64855e-003
1.25000e+000	1.65000e-001	2.95577e-003
1.25000e+000	1.70000e-001	3.16725e-003
1.25000e+000	1.75000e-001	3.23430e-003
1.25000e+000	1.80000e-001	3.10446e-003
1.25000e+000	1.85000e-001	2.71886e-003
1.25000e+000	1.90000e-001	2.03444e-003
1.25000e+000	1.95000e-001	1.09142e-003
1.25000e+000	2.00000e-001	0.00000e+000

1.75000e+000	0.00000e+000	0.00000e+000
1.75000e+000	5.00000e-003	-1.10033e-003
1.75000e+000	1.00000e-002	-2.16473e-003
1.75000e+000	1.50000e-002	-3.04390e-003
1.75000e+000	2.00000e-002	-3.69408e-003
1.75000e+000	2.50000e-002	-4.11931e-003
1.75000e+000	3.00000e-002	-4.34034e-003
1.75000e+000	3.50000e-002	-4.38283e-003
1.75000e+000	4.00000e-002	-4.27461e-003
1.75000e+000	4.50000e-002	-4.04495e-003
1.75000e+000	5.00000e-002	-3.72398e-003
1.75000e+000	5.50000e-002	-3.34163e-003
1.75000e+000	6.00000e-002	-2.92627e-003
1.75000e+000	6.50000e-002	-2.50280e-003
1.75000e+000	7.00000e-002	-2.09068e-003
1.75000e+000	7.50000e-002	-1.70235e-003
1.75000e+000	8.00000e-002	-1.34230e-003
1.75000e+000	8.50000e-002	-1.00705e-003
1.75000e+000	9.00000e-002	-6.85552e-004
1.75000e+000	9.50000e-002	-3.61167e-004
1.75000e+000	1.00000e-001	-2.23403e-005
1.75000e+000	1.05000e-001	3.17061e-004
1.75000e+000	1.10000e-001	6.42985e-004
1.75000e+000	1.15000e-001	9.66553e-004
1.75000e+000	1.20000e-001	1.30412e-003
1.75000e+000	1.25000e-001	1.66657e-003
1.75000e+000	1.30000e-001	2.05738e-003
1.75000e+000	1.35000e-001	2.47199e-003
1.75000e+000	1.40000e-001	2.89798e-003
1.75000e+000	1.45000e-001	3.31583e-003
1.75000e+000	1.50000e-001	3.70065e-003
1.75000e+000	1.55000e-001	4.02408e-003
1.75000e+000	1.60000e-001	4.25614e-003
1.75000e+000	1.65000e-001	4.36675e-003
1.75000e+000	1.70000e-001	4.32663e-003
1.75000e+000	1.75000e-001	4.10796e-003
1.75000e+000	1.80000e-001	3.68511e-003
1.75000e+000	1.85000e-001	3.03732e-003
1.75000e+000	1.90000e-001	2.16055e-003
1.75000e+000	1.95000e-001	1.09841e-003
1.75000e+000	2.00000e-001	0.00000e+000

2.25000e+000	0.00000e+000	0.00000e+000
2.25000e+000	5.00000e-003	-1.05528e-003
2.25000e+000	1.00000e-002	-2.10431e-003
2.25000e+000	1.50000e-002	-3.02866e-003
2.25000e+000	2.00000e-002	-3.78935e-003
2.25000e+000	2.50000e-002	-4.37672e-003
2.25000e+000	3.00000e-002	-4.79282e-003
2.25000e+000	3.50000e-002	-5.04559e-003
2.25000e+000	4.00000e-002	-5.14633e-003
2.25000e+000	4.50000e-002	-5.10865e-003
2.25000e+000	5.00000e-002	-4.94818e-003
2.25000e+000	5.50000e-002	-4.68221e-003
2.25000e+000	6.00000e-002	-4.32942e-003
2.25000e+000	6.50000e-002	-3.90918e-003
2.25000e+000	7.00000e-002	-3.44069e-003
2.25000e+000	7.50000e-002	-2.94159e-003
2.25000e+000	8.00000e-002	-2.42614e-003
2.25000e+000	8.50000e-002	-1.90300e-003
2.25000e+000	9.00000e-002	-1.37290e-003
2.25000e+000	9.50000e-002	-8.29178e-004
2.25000e+000	1.00000e-001	-2.68655e-004
2.25000e+000	1.05000e-001	2.97752e-004
2.25000e+000	1.10000e-001	8.57837e-004
2.25000e+000	1.15000e-001	1.41136e-003
2.25000e+000	1.20000e-001	1.96161e-003
2.25000e+000	1.25000e-001	2.50587e-003
2.25000e+000	1.30000e-001	3.03449e-003
2.25000e+000	1.35000e-001	3.53274e-003
2.25000e+000	1.40000e-001	3.98278e-003
2.25000e+000	1.45000e-001	4.36530e-003
2.25000e+000	1.50000e-001	4.66081e-003
2.25000e+000	1.55000e-001	4.85057e-003
2.25000e+000	1.60000e-001	4.91722e-003
2.25000e+000	1.65000e-001	4.84513e-003
2.25000e+000	1.70000e-001	4.62070e-003
2.25000e+000	1.75000e-001	4.23274e-003
2.25000e+000	1.80000e-001	3.67352e-003
2.25000e+000	1.85000e-001	2.94151e-003
2.25000e+000	1.90000e-001	2.04762e-003
2.25000e+000	1.95000e-001	1.02963e-003
2.25000e+000	2.00000e-001	0.00000e+000

2.75000e+000	0.00000e+000	0.00000e+000
2.75000e+000	5.00000e-003	-1.00554e-003
2.75000e+000	1.00000e-002	-2.17143e-003
2.75000e+000	1.50000e-002	-3.38019e-003
2.75000e+000	2.00000e-002	-4.41014e-003
2.75000e+000	2.50000e-002	-5.25250e-003
2.75000e+000	3.00000e-002	-5.92501e-003
2.75000e+000	3.50000e-002	-6.44338e-003
2.75000e+000	4.00000e-002	-6.82009e-003
2.75000e+000	4.50000e-002	-7.06566e-003
2.75000e+000	5.00000e-002	-7.18955e-003
2.75000e+000	5.50000e-002	-7.20069e-003
2.75000e+000	6.00000e-002	-7.10756e-003
2.75000e+000	6.50000e-002	-6.91768e-003
2.75000e+000	7.00000e-002	-6.63626e-003
2.75000e+000	7.50000e-002	-6.26329e-003
2.75000e+000	8.00000e-002	-5.78748e-003
2.75000e+000	8.50000e-002	-5.20262e-003
2.75000e+000	9.00000e-002	-4.50583e-003
2.75000e+000	9.50000e-002	-3.70400e-003
2.75000e+000	1.00000e-001	-2.82921e-003
2.75000e+000	1.05000e-001	-1.93817e-003
2.75000e+000	1.10000e-001	-1.08492e-003
2.75000e+000	1.15000e-001	-2.94933e-004
2.75000e+000	1.20000e-001	4.30855e-004
2.75000e+000	1.25000e-001	1.09671e-003
2.75000e+000	1.30000e-001	1.70406e-003
2.75000e+000	1.35000e-001	2.24807e-003
2.75000e+000	1.40000e-001	2.72078e-003
2.75000e+000	1.45000e-001	3.11293e-003
2.75000e+000	1.50000e-001	3.41498e-003
2.75000e+000	1.55000e-001	3.61747e-003
2.75000e+000	1.60000e-001	3.71102e-003
2.75000e+000	1.65000e-001	3.68593e-003
2.75000e+000	1.70000e-001	3.53146e-003
2.75000e+000	1.75000e-001	3.23467e-003
2.75000e+000	1.80000e-001	2.77885e-003
2.75000e+000	1.85000e-001	2.14368e-003
2.75000e+000	1.90000e-001	1.32907e-003
2.75000e+000	1.95000e-001	5.60152e-004
2.75000e+000	2.00000e-001	0.00000e+000

3.25000e+000	0.00000e+000	0.00000e+000
3.25000e+000	5.00000e-003	-2.23421e-002
3.25000e+000	1.00000e-002	-3.92869e-002
3.25000e+000	1.50000e-002	-5.08783e-002
3.25000e+000	2.00000e-002	-5.92922e-002
3.25000e+000	2.50000e-002	-6.53156e-002
3.25000e+000	3.00000e-002	-6.92951e-002
3.25000e+000	3.50000e-002	-7.14177e-002
3.25000e+000	4.00000e-002	-7.17979e-002
3.25000e+000	4.50000e-002	-7.05135e-002
3.25000e+000	5.00000e-002	-6.76219e-002
3.25000e+000	5.50000e-002	-6.31700e-002
3.25000e+000	6.00000e-002	-5.71997e-002
3.25000e+000	6.50000e-002	-4.97528e-002
3.25000e+000	7.00000e-002	-4.08753e-002
3.25000e+000	7.50000e-002	-3.06234e-002
3.25000e+000	8.00000e-002	-1.97161e-002
3.25000e+000	8.50000e-002	-8.25420e-003
3.25000e+000	9.00000e-002	3.62841e-003
3.25000e+000	9.50000e-002	1.57516e-002
3.25000e+000	1.00000e-001	2.78761e-002
3.25000e+000	1.05000e-001	3.97214e-002
3.25000e+000	1.10000e-001	5.10063e-002
3.25000e+000	1.15000e-001	6.14905e-002
3.25000e+000	1.20000e-001	7.09942e-002
3.25000e+000	1.25000e-001	7.93748e-002
3.25000e+000	1.30000e-001	8.64127e-002
3.25000e+000	1.35000e-001	9.20498e-002
3.25000e+000	1.40000e-001	9.62400e-002
3.25000e+000	1.45000e-001	9.89431e-002
3.25000e+000	1.50000e-001	1.00121e-001
3.25000e+000	1.55000e-001	9.97346e-002
3.25000e+000	1.60000e-001	9.77392e-002
3.25000e+000	1.65000e-001	9.40792e-002
3.25000e+000	1.70000e-001	8.86793e-002
3.25000e+000	1.75000e-001	8.14270e-002
3.25000e+000	1.80000e-001	7.21388e-002
3.25000e+000	1.85000e-001	6.04733e-002
3.25000e+000	1.90000e-001	4.56559e-002
3.25000e+000	1.95000e-001	2.55184e-002
3.25000e+000	2.00000e-001	0.00000e+000

3.75000e+000	0.00000e+000	0.00000e+000
3.75000e+000	5.00000e-003	-2.29020e-002
3.75000e+000	1.00000e-002	-4.61405e-002
3.75000e+000	1.50000e-002	-6.96478e-002
3.75000e+000	2.00000e-002	-9.34025e-002
3.75000e+000	2.50000e-002	-1.17403e-001
3.75000e+000	3.00000e-002	-1.41653e-001
3.75000e+000	3.50000e-002	-1.66159e-001
3.75000e+000	4.00000e-002	-1.90932e-001
3.75000e+000	4.50000e-002	-2.15979e-001
3.75000e+000	5.00000e-002	-2.41314e-001
3.75000e+000	5.50000e-002	-2.66946e-001
3.75000e+000	6.00000e-002	-2.92888e-001
3.75000e+000	6.50000e-002	-3.19154e-001
3.75000e+000	7.00000e-002	-3.45756e-001
3.75000e+000	7.50000e-002	-3.72705e-001
3.75000e+000	8.00000e-002	-2.88389e-001
3.75000e+000	8.50000e-002	-2.03857e-001
3.75000e+000	9.00000e-002	-1.19096e-001
3.75000e+000	9.50000e-002	-3.40979e-002
3.75000e+000	1.00000e-001	5.11482e-002
3.75000e+000	1.05000e-001	1.36651e-001
3.75000e+000	1.10000e-001	2.22418e-001
3.75000e+000	1.15000e-001	3.08458e-001
3.75000e+000	1.20000e-001	3.94778e-001
3.75000e+000	1.25000e-001	3.67918e-001
3.75000e+000	1.30000e-001	3.41412e-001
3.75000e+000	1.35000e-001	3.15247e-001
3.75000e+000	1.40000e-001	2.89407e-001
3.75000e+000	1.45000e-001	2.63878e-001
3.75000e+000	1.50000e-001	2.38644e-001
3.75000e+000	1.55000e-001	2.13692e-001
3.75000e+000	1.60000e-001	1.89008e-001
3.75000e+000	1.65000e-001	1.64580e-001
3.75000e+000	1.70000e-001	1.40396e-001
3.75000e+000	1.75000e-001	1.16444e-001
3.75000e+000	1.80000e-001	9.27152e-002
3.75000e+000	1.85000e-001	6.92012e-002
3.75000e+000	1.90000e-001	4.58986e-002
3.75000e+000	1.95000e-001	2.28172e-002
3.75000e+000	2.00000e-001	0.00000e+000

4.25000e+000	0.00000e+000	0.00000e+000
4.25000e+000	5.00000e-003	4.58996e-004
4.25000e+000	1.00000e-002	4.98298e-004
4.25000e+000	1.50000e-002	3.88324e-004
4.25000e+000	2.00000e-002	2.04622e-004
4.25000e+000	2.50000e-002	-1.88014e-005
4.25000e+000	3.00000e-002	-2.59094e-004
4.25000e+000	3.50000e-002	-4.97720e-004
4.25000e+000	4.00000e-002	-7.17894e-004
4.25000e+000	4.50000e-002	-9.03289e-004
4.25000e+000	5.00000e-002	-1.03719e-003
4.25000e+000	5.50000e-002	-1.10179e-003
4.25000e+000	6.00000e-002	-1.07748e-003
4.25000e+000	6.50000e-002	-9.41900e-004
4.25000e+000	7.00000e-002	-6.68764e-004
4.25000e+000	7.50000e-002	-9.97465e-030
4.25000e+000	8.00000e-002	-5.25010e-033
4.25000e+000	8.50000e-002	-3.00932e-033
4.25000e+000	9.00000e-002	-7.91727e-034
4.25000e+000	9.50000e-002	1.41742e-033
4.25000e+000	1.00000e-001	3.63263e-033
4.25000e+000	1.05000e-001	5.86670e-033
4.25000e+000	1.10000e-001	8.13441e-033
4.25000e+000	1.15000e-001	1.04508e-032
4.25000e+000	1.20000e-001	1.02899e-029
4.25000e+000	1.25000e-001	6.22239e-004
4.25000e+000	1.30000e-001	8.71737e-004
4.25000e+000	1.35000e-001	9.93692e-004
4.25000e+000	1.40000e-001	1.01218e-003
4.25000e+000	1.45000e-001	9.47819e-004
4.25000e+000	1.50000e-001	8.18765e-004
4.25000e+000	1.55000e-001	6.41467e-004
4.25000e+000	1.60000e-001	4.31242e-004
4.25000e+000	1.65000e-001	2.02804e-004
4.25000e+000	1.70000e-001	-2.91514e-005
4.25000e+000	1.75000e-001	-2.49196e-004
4.25000e+000	1.80000e-001	-4.39920e-004
4.25000e+000	1.85000e-001	-5.79408e-004
4.25000e+000	1.90000e-001	-6.34403e-004
4.25000e+000	1.95000e-001	-5.30065e-004
4.25000e+000	2.00000e-001	0.00000e+000

4.75000e+000	0.00000e+000	0.00000e+000
4.75000e+000	5.00000e-003	1.74112e-004
4.75000e+000	1.00000e-002	-1.95400e-004
4.75000e+000	1.50000e-002	-7.10904e-004
4.75000e+000	2.00000e-002	-1.25615e-003
4.75000e+000	2.50000e-002	-1.78622e-003
4.75000e+000	3.00000e-002	-2.27206e-003
4.75000e+000	3.50000e-002	-2.68978e-003
4.75000e+000	4.00000e-002	-3.01689e-003
4.75000e+000	4.50000e-002	-3.23024e-003
4.75000e+000	5.00000e-002	-3.30455e-003
4.75000e+000	5.50000e-002	-3.21090e-003
4.75000e+000	6.00000e-002	-2.91492e-003
4.75000e+000	6.50000e-002	-2.37418e-003
4.75000e+000	7.00000e-002	-1.53395e-003
4.75000e+000	7.50000e-002	9.43869e-030
4.75000e+000	8.00000e-002	1.04905e-031
4.75000e+000	8.50000e-002	1.01844e-031
4.75000e+000	9.00000e-002	9.88402e-032
4.75000e+000	9.50000e-002	9.58762e-032
4.75000e+000	1.00000e-001	9.29365e-032
4.75000e+000	1.05000e-001	9.00063e-032
4.75000e+000	1.10000e-001	8.70696e-032
4.75000e+000	1.15000e-001	8.40935e-032
4.75000e+000	1.20000e-001	-9.52471e-030
4.75000e+000	1.25000e-001	1.43495e-003
4.75000e+000	1.30000e-001	2.24623e-003
4.75000e+000	1.35000e-001	2.78666e-003
4.75000e+000	1.40000e-001	3.10360e-003
4.75000e+000	1.45000e-001	3.23431e-003
4.75000e+000	1.50000e-001	3.20919e-003
4.75000e+000	1.55000e-001	3.05389e-003
4.75000e+000	1.60000e-001	2.79074e-003
4.75000e+000	1.65000e-001	2.43990e-003
4.75000e+000	1.70000e-001	2.02040e-003
4.75000e+000	1.75000e-001	1.55130e-003
4.75000e+000	1.80000e-001	1.05350e-003
4.75000e+000	1.85000e-001	5.53197e-004
4.75000e+000	1.90000e-001	9.21057e-005
4.75000e+000	1.95000e-001	-2.19937e-004
4.75000e+000	2.00000e-001	0.00000e+000

5.25000e+000	0.00000e+000	0.00000e+000
5.25000e+000	5.00000e-003	-5.32152e-003
5.25000e+000	1.00000e-002	-8.51611e-003
5.25000e+000	1.50000e-002	-1.05784e-002
5.25000e+000	2.00000e-002	-1.18631e-002
5.25000e+000	2.50000e-002	-1.25201e-002
5.25000e+000	3.00000e-002	-1.26418e-002
5.25000e+000	3.50000e-002	-1.22965e-002
5.25000e+000	4.00000e-002	-1.15414e-002
5.25000e+000	4.50000e-002	-1.04286e-002
5.25000e+000	5.00000e-002	-9.00909e-003
5.25000e+000	5.50000e-002	-7.33612e-003
5.25000e+000	6.00000e-002	-5.46812e-003
5.25000e+000	6.50000e-002	-3.47280e-003
5.25000e+000	7.00000e-002	-1.43276e-003
5.25000e+000	7.50000e-002	9.34032e-026
5.25000e+000	8.00000e-002	-9.33428e-026
5.25000e+000	8.50000e-002	-3.58062e-031
5.25000e+000	9.00000e-002	-2.00283e-031
5.25000e+000	9.50000e-002	-5.36338e-032
5.25000e+000	1.00000e-001	8.75100e-032
5.25000e+000	1.05000e-001	2.38355e-031
5.25000e+000	1.10000e-001	5.60605e-031
5.25000e+000	1.15000e-001	9.60952e-026
5.25000e+000	1.20000e-001	-9.61550e-026
5.25000e+000	1.25000e-001	1.77845e-003
5.25000e+000	1.30000e-001	4.06699e-003
5.25000e+000	1.35000e-001	6.27042e-003
5.25000e+000	1.40000e-001	8.31806e-003
5.25000e+000	1.45000e-001	1.01517e-002
5.25000e+000	1.50000e-001	1.17212e-002
5.25000e+000	1.55000e-001	1.29812e-002
5.25000e+000	1.60000e-001	1.38892e-002
5.25000e+000	1.65000e-001	1.44025e-002
5.25000e+000	1.70000e-001	1.44764e-002
5.25000e+000	1.75000e-001	1.40605e-002
5.25000e+000	1.80000e-001	1.30923e-002
5.25000e+000	1.85000e-001	1.14860e-002
5.25000e+000	1.90000e-001	9.09916e-003
5.25000e+000	1.95000e-001	5.59105e-003
5.25000e+000	2.00000e-001	0.00000e+000

5.75000e+000	0.00000e+000	0.00000e+000
5.75000e+000	5.00000e-003	2.76806e-002
5.75000e+000	1.00000e-002	5.44377e-002
5.75000e+000	1.50000e-002	8.05078e-002
5.75000e+000	2.00000e-002	1.06021e-001
5.75000e+000	2.50000e-002	1.31037e-001
5.75000e+000	3.00000e-002	1.55592e-001
5.75000e+000	3.50000e-002	1.79713e-001
5.75000e+000	4.00000e-002	2.03418e-001
5.75000e+000	4.50000e-002	2.26723e-001
5.75000e+000	5.00000e-002	2.49640e-001
5.75000e+000	5.50000e-002	2.72182e-001
5.75000e+000	6.00000e-002	2.94356e-001
5.75000e+000	6.50000e-002	3.16173e-001
5.75000e+000	7.00000e-002	3.37640e-001
5.75000e+000	7.50000e-002	3.58760e-001
5.75000e+000	8.00000e-002	2.72674e-001
5.75000e+000	8.50000e-002	1.86742e-001
5.75000e+000	9.00000e-002	1.00916e-001
5.75000e+000	9.50000e-002	1.51448e-002
5.75000e+000	1.00000e-001	-7.06197e-002
5.75000e+000	1.05000e-001	-1.56427e-001
5.75000e+000	1.10000e-001	-2.42328e-001
5.75000e+000	1.15000e-001	-3.28370e-001
5.75000e+000	1.20000e-001	-4.14602e-001
5.75000e+000	1.25000e-001	-3.91436e-001
5.75000e+000	1.30000e-001	-3.67952e-001
5.75000e+000	1.35000e-001	-3.44148e-001
5.75000e+000	1.40000e-001	-3.20016e-001
5.75000e+000	1.45000e-001	-2.95548e-001
5.75000e+000	1.50000e-001	-2.70738e-001
5.75000e+000	1.55000e-001	-2.45575e-001
5.75000e+000	1.60000e-001	-2.20050e-001
5.75000e+000	1.65000e-001	-1.94150e-001
5.75000e+000	1.70000e-001	-1.67860e-001
5.75000e+000	1.75000e-001	-1.41164e-001
5.75000e+000	1.80000e-001	-1.14038e-001
5.75000e+000	1.85000e-001	-8.64478e-002
5.75000e+000	1.90000e-001	-5.83390e-002
5.75000e+000	1.95000e-001	-2.95933e-002
5.75000e+000	2.00000e-001	0.00000e+000

6.25000e+000	0.00000e+000	0.00000e+000
6.25000e+000	5.00000e-003	2.42490e-003
6.25000e+000	1.00000e-002	4.16379e-003
6.25000e+000	1.50000e-002	5.51321e-003
6.25000e+000	2.00000e-002	6.57729e-003
6.25000e+000	2.50000e-002	7.39558e-003
6.25000e+000	3.00000e-002	7.98847e-003
6.25000e+000	3.50000e-002	8.36770e-003
6.25000e+000	4.00000e-002	8.54028e-003
6.25000e+000	4.50000e-002	8.51035e-003
6.25000e+000	5.00000e-002	8.28004e-003
6.25000e+000	5.50000e-002	7.85010e-003
6.25000e+000	6.00000e-002	7.22022e-003
6.25000e+000	6.50000e-002	6.38922e-003
6.25000e+000	7.00000e-002	5.35523e-003
6.25000e+000	7.50000e-002	4.11579e-003
6.25000e+000	8.00000e-002	2.66801e-003
6.25000e+000	8.50000e-002	1.06806e-003
6.25000e+000	9.00000e-002	-6.36771e-004
6.25000e+000	9.50000e-002	-2.39903e-003
6.25000e+000	1.00000e-001	-4.17123e-003
6.25000e+000	1.05000e-001	-5.90593e-003
6.25000e+000	1.10000e-001	-7.55582e-003
6.25000e+000	1.15000e-001	-9.07386e-003
6.25000e+000	1.20000e-001	-1.04134e-002
6.25000e+000	1.25000e-001	-1.15185e-002
6.25000e+000	1.30000e-001	-1.23936e-002
6.25000e+000	1.35000e-001	-1.30424e-002
6.25000e+000	1.40000e-001	-1.34683e-002
6.25000e+000	1.45000e-001	-1.36738e-002
6.25000e+000	1.50000e-001	-1.36609e-002
6.25000e+000	1.55000e-001	-1.34305e-002
6.25000e+000	1.60000e-001	-1.29824e-002
6.25000e+000	1.65000e-001	-1.23149e-002
6.25000e+000	1.70000e-001	-1.14244e-002
6.25000e+000	1.75000e-001	-1.03040e-002
6.25000e+000	1.80000e-001	-8.94198e-003
6.25000e+000	1.85000e-001	-7.31750e-003
6.25000e+000	1.90000e-001	-5.38992e-003
6.25000e+000	1.95000e-001	-3.05216e-003
6.25000e+000	2.00000e-001	0.00000e+000

6.75000e+000	0.00000e+000	0.00000e+000
6.75000e+000	5.00000e-003	8.90946e-004
6.75000e+000	1.00000e-002	1.31995e-003
6.75000e+000	1.50000e-002	1.56663e-003
6.75000e+000	2.00000e-002	1.71565e-003
6.75000e+000	2.50000e-002	1.79551e-003
6.75000e+000	3.00000e-002	1.82099e-003
6.75000e+000	3.50000e-002	1.80144e-003
6.75000e+000	4.00000e-002	1.74346e-003
6.75000e+000	4.50000e-002	1.65219e-003
6.75000e+000	5.00000e-002	1.53179e-003
6.75000e+000	5.50000e-002	1.38587e-003
6.75000e+000	6.00000e-002	1.21764e-003
6.75000e+000	6.50000e-002	1.03008e-003
6.75000e+000	7.00000e-002	8.26000e-004
6.75000e+000	7.50000e-002	6.08178e-004
6.75000e+000	8.00000e-002	3.79366e-004
6.75000e+000	8.50000e-002	1.42373e-004
6.75000e+000	9.00000e-002	-9.99757e-005
6.75000e+000	9.50000e-002	-3.44839e-004
6.75000e+000	1.00000e-001	-5.89375e-004
6.75000e+000	1.05000e-001	-8.30745e-004
6.75000e+000	1.10000e-001	-1.06613e-003
6.75000e+000	1.15000e-001	-1.29273e-003
6.75000e+000	1.20000e-001	-1.50778e-003
6.75000e+000	1.25000e-001	-1.70857e-003
6.75000e+000	1.30000e-001	-1.89244e-003
6.75000e+000	1.35000e-001	-2.05680e-003
6.75000e+000	1.40000e-001	-2.19900e-003
6.75000e+000	1.45000e-001	-2.31632e-003
6.75000e+000	1.50000e-001	-2.40587e-003
6.75000e+000	1.55000e-001	-2.46452e-003
6.75000e+000	1.60000e-001	-2.48872e-003
6.75000e+000	1.65000e-001	-2.47432e-003
6.75000e+000	1.70000e-001	-2.41619e-003
6.75000e+000	1.75000e-001	-2.30766e-003
6.75000e+000	1.80000e-001	-2.13925e-003
6.75000e+000	1.85000e-001	-1.89591e-003
6.75000e+000	1.90000e-001	-1.54855e-003
6.75000e+000	1.95000e-001	-1.01090e-003
6.75000e+000	2.00000e-001	0.00000e+000

7.25000e+000	0.00000e+000	0.00000e+000
7.25000e+000	5.00000e-003	9.23629e-004
7.25000e+000	1.00000e-002	1.31061e-003
7.25000e+000	1.50000e-002	1.50501e-003
7.25000e+000	2.00000e-002	1.60883e-003
7.25000e+000	2.50000e-002	1.65372e-003
7.25000e+000	3.00000e-002	1.65527e-003
7.25000e+000	3.50000e-002	1.62290e-003
7.25000e+000	4.00000e-002	1.56303e-003
7.25000e+000	4.50000e-002	1.48042e-003
7.25000e+000	5.00000e-002	1.37873e-003
7.25000e+000	5.50000e-002	1.26099e-003
7.25000e+000	6.00000e-002	1.12973e-003
7.25000e+000	6.50000e-002	9.87111e-004
7.25000e+000	7.00000e-002	8.35081e-004
7.25000e+000	7.50000e-002	6.75383e-004
7.25000e+000	8.00000e-002	5.09623e-004
7.25000e+000	8.50000e-002	3.39302e-004
7.25000e+000	9.00000e-002	1.65847e-004
7.25000e+000	9.50000e-002	-9.36971e-006
7.25000e+000	1.00000e-001	-1.85008e-004
7.25000e+000	1.05000e-001	-3.59747e-004
7.25000e+000	1.10000e-001	-5.32265e-004
7.25000e+000	1.15000e-001	-7.01223e-004
7.25000e+000	1.20000e-001	-8.65250e-004
7.25000e+000	1.25000e-001	-1.02292e-003
7.25000e+000	1.30000e-001	-1.17274e-003
7.25000e+000	1.35000e-001	-1.31309e-003
7.25000e+000	1.40000e-001	-1.44224e-003
7.25000e+000	1.45000e-001	-1.55824e-003
7.25000e+000	1.50000e-001	-1.65892e-003
7.25000e+000	1.55000e-001	-1.74174e-003
7.25000e+000	1.60000e-001	-1.80367e-003
7.25000e+000	1.65000e-001	-1.84101e-003
7.25000e+000	1.70000e-001	-1.84899e-003
7.25000e+000	1.75000e-001	-1.82114e-003
7.25000e+000	1.80000e-001	-1.74796e-003
7.25000e+000	1.85000e-001	-1.61375e-003
7.25000e+000	1.90000e-001	-1.38660e-003
7.25000e+000	1.95000e-001	-9.63825e-004
7.25000e+000	2.00000e-001	0.00000e+000

7.75000e+000	0.00000e+000	0.00000e+000
7.75000e+000	5.00000e-003	1.06475e-003
7.75000e+000	1.00000e-002	1.49303e-003
7.75000e+000	1.50000e-002	1.69107e-003
7.75000e+000	2.00000e-002	1.78996e-003
7.75000e+000	2.50000e-002	1.82738e-003
7.75000e+000	3.00000e-002	1.82082e-003
7.75000e+000	3.50000e-002	1.78047e-003
7.75000e+000	4.00000e-002	1.71310e-003
7.75000e+000	4.50000e-002	1.62362e-003
7.75000e+000	5.00000e-002	1.51575e-003
7.75000e+000	5.50000e-002	1.39252e-003
7.75000e+000	6.00000e-002	1.25641e-003
7.75000e+000	6.50000e-002	1.10952e-003
7.75000e+000	7.00000e-002	9.53697e-004
7.75000e+000	7.50000e-002	7.90583e-004
7.75000e+000	8.00000e-002	6.21659e-004
7.75000e+000	8.50000e-002	4.48291e-004
7.75000e+000	9.00000e-002	2.71763e-004
7.75000e+000	9.50000e-002	9.32968e-005
7.75000e+000	1.00000e-001	-8.59226e-005
7.75000e+000	1.05000e-001	-2.64729e-004
7.75000e+000	1.10000e-001	-4.41957e-004
7.75000e+000	1.15000e-001	-6.16420e-004
7.75000e+000	1.20000e-001	-7.86897e-004
7.75000e+000	1.25000e-001	-9.52102e-004
7.75000e+000	1.30000e-001	-1.11067e-003
7.75000e+000	1.35000e-001	-1.26111e-003
7.75000e+000	1.40000e-001	-1.40179e-003
7.75000e+000	1.45000e-001	-1.53086e-003
7.75000e+000	1.50000e-001	-1.64620e-003
7.75000e+000	1.55000e-001	-1.74533e-003
7.75000e+000	1.60000e-001	-1.82523e-003
7.75000e+000	1.65000e-001	-1.88215e-003
7.75000e+000	1.70000e-001	-1.91117e-003
7.75000e+000	1.75000e-001	-1.90550e-003
7.75000e+000	1.80000e-001	-1.85493e-003
7.75000e+000	1.85000e-001	-1.74189e-003
7.75000e+000	1.90000e-001	-1.52861e-003
7.75000e+000	1.95000e-001	-1.08366e-003
7.75000e+000	2.00000e-001	0.00000e+000

8.25000e+000	0.00000e+000	0.00000e+000
8.25000e+000	5.00000e-003	1.19013e-003
8.25000e+000	1.00000e-002	1.68180e-003
8.25000e+000	1.50000e-002	1.88532e-003
8.25000e+000	2.00000e-002	1.97695e-003
8.25000e+000	2.50000e-002	2.00384e-003
8.25000e+000	3.00000e-002	1.98604e-003
8.25000e+000	3.50000e-002	1.93458e-003
8.25000e+000	4.00000e-002	1.85649e-003
8.25000e+000	4.50000e-002	1.75673e-003
8.25000e+000	5.00000e-002	1.63904e-003
8.25000e+000	5.50000e-002	1.50637e-003
8.25000e+000	6.00000e-002	1.36114e-003
8.25000e+000	6.50000e-002	1.20541e-003
8.25000e+000	7.00000e-002	1.04096e-003
8.25000e+000	7.50000e-002	8.69367e-004
8.25000e+000	8.00000e-002	6.92054e-004
8.25000e+000	8.50000e-002	5.10335e-004
8.25000e+000	9.00000e-002	3.25439e-004
8.25000e+000	9.50000e-002	1.38535e-004
8.25000e+000	1.00000e-001	-4.92452e-005
8.25000e+000	1.05000e-001	-2.36787e-004
8.25000e+000	1.10000e-001	-4.22978e-004
8.25000e+000	1.15000e-001	-6.06685e-004
8.25000e+000	1.20000e-001	-7.86738e-004
8.25000e+000	1.25000e-001	-9.61909e-004
8.25000e+000	1.30000e-001	-1.13088e-003
8.25000e+000	1.35000e-001	-1.29224e-003
8.25000e+000	1.40000e-001	-1.44439e-003
8.25000e+000	1.45000e-001	-1.58556e-003
8.25000e+000	1.50000e-001	-1.71369e-003
8.25000e+000	1.55000e-001	-1.82636e-003
8.25000e+000	1.60000e-001	-1.92060e-003
8.25000e+000	1.65000e-001	-1.99269e-003
8.25000e+000	1.70000e-001	-2.03764e-003
8.25000e+000	1.75000e-001	-2.04842e-003
8.25000e+000	1.80000e-001	-2.01399e-003
8.25000e+000	1.85000e-001	-1.91428e-003
8.25000e+000	1.90000e-001	-1.70209e-003
8.25000e+000	1.95000e-001	-1.20096e-003
8.25000e+000	2.00000e-001	0.00000e+000

8.75000e+000	0.00000e+000	0.00000e+000
8.75000e+000	5.00000e-003	1.24373e-003
8.75000e+000	1.00000e-002	1.84106e-003
8.75000e+000	1.50000e-002	2.05947e-003
8.75000e+000	2.00000e-002	2.14390e-003
8.75000e+000	2.50000e-002	2.15844e-003
8.75000e+000	3.00000e-002	2.12742e-003
8.75000e+000	3.50000e-002	2.06316e-003
8.75000e+000	4.00000e-002	1.97309e-003
8.75000e+000	4.50000e-002	1.86224e-003
8.75000e+000	5.00000e-002	1.73430e-003
8.75000e+000	5.50000e-002	1.59210e-003
8.75000e+000	6.00000e-002	1.43798e-003
8.75000e+000	6.50000e-002	1.27388e-003
8.75000e+000	7.00000e-002	1.10148e-003
8.75000e+000	7.50000e-002	9.22264e-004
8.75000e+000	8.00000e-002	7.37583e-004
8.75000e+000	8.50000e-002	5.48672e-004
8.75000e+000	9.00000e-002	3.56690e-004
8.75000e+000	9.50000e-002	1.62742e-004
8.75000e+000	1.00000e-001	-3.21032e-005
8.75000e+000	1.05000e-001	-2.26791e-004
8.75000e+000	1.10000e-001	-4.20270e-004
8.75000e+000	1.15000e-001	-6.11470e-004
8.75000e+000	1.20000e-001	-7.99285e-004
8.75000e+000	1.25000e-001	-9.82557e-004
8.75000e+000	1.30000e-001	-1.16005e-003
8.75000e+000	1.35000e-001	-1.33041e-003
8.75000e+000	1.40000e-001	-1.49216e-003
8.75000e+000	1.45000e-001	-1.64362e-003
8.75000e+000	1.50000e-001	-1.78283e-003
8.75000e+000	1.55000e-001	-1.90748e-003
8.75000e+000	1.60000e-001	-2.01470e-003
8.75000e+000	1.65000e-001	-2.10083e-003
8.75000e+000	1.70000e-001	-2.16084e-003
8.75000e+000	1.75000e-001	-2.18728e-003
8.75000e+000	1.80000e-001	-2.16782e-003
8.75000e+000	1.85000e-001	-2.07815e-003
8.75000e+000	1.90000e-001	-1.85416e-003
8.75000e+000	1.95000e-001	-1.25075e-003
8.75000e+000	2.00000e-001	0.00000e+000

9.25000e+000	0.00000e+000	0.00000e+000
9.25000e+000	5.00000e-003	1.22251e-003
9.25000e+000	1.00000e-002	1.96489e-003
9.25000e+000	1.50000e-002	2.19988e-003
9.25000e+000	2.00000e-002	2.27237e-003
9.25000e+000	2.50000e-002	2.27085e-003
9.25000e+000	3.00000e-002	2.22425e-003
9.25000e+000	3.50000e-002	2.14602e-003
9.25000e+000	4.00000e-002	2.04382e-003
9.25000e+000	4.50000e-002	1.92258e-003
9.25000e+000	5.00000e-002	1.78579e-003
9.25000e+000	5.50000e-002	1.63611e-003
9.25000e+000	6.00000e-002	1.47567e-003
9.25000e+000	6.50000e-002	1.30622e-003
9.25000e+000	7.00000e-002	1.12928e-003
9.25000e+000	7.50000e-002	9.46179e-004
9.25000e+000	8.00000e-002	7.58132e-004
9.25000e+000	8.50000e-002	5.66245e-004
9.25000e+000	9.00000e-002	3.71562e-004
9.25000e+000	9.50000e-002	1.75075e-004
9.25000e+000	1.00000e-001	-2.22508e-005
9.25000e+000	1.05000e-001	-2.19467e-004
9.25000e+000	1.10000e-001	-4.15624e-004
9.25000e+000	1.15000e-001	-6.09758e-004
9.25000e+000	1.20000e-001	-8.00875e-004
9.25000e+000	1.25000e-001	-9.87934e-004
9.25000e+000	1.30000e-001	-1.16982e-003
9.25000e+000	1.35000e-001	-1.34533e-003
9.25000e+000	1.40000e-001	-1.51314e-003
9.25000e+000	1.45000e-001	-1.67171e-003
9.25000e+000	1.50000e-001	-1.81929e-003
9.25000e+000	1.55000e-001	-1.95377e-003
9.25000e+000	1.60000e-001	-2.07249e-003
9.25000e+000	1.65000e-001	-2.17194e-003
9.25000e+000	1.70000e-001	-2.24719e-003
9.25000e+000	1.75000e-001	-2.29060e-003
9.25000e+000	1.80000e-001	-2.28872e-003
9.25000e+000	1.85000e-001	-2.21260e-003
9.25000e+000	1.90000e-001	-1.97379e-003
9.25000e+000	1.95000e-001	-1.22727e-003
9.25000e+000	2.00000e-001	0.00000e+000

9.75000e+000	0.00000e+000	0.00000e+000
9.75000e+000	5.00000e-003	9.53242e-010
9.75000e+000	1.00000e-002	1.45972e-009
9.75000e+000	1.50000e-002	1.65586e-009
9.75000e+000	2.00000e-002	1.69313e-009
9.75000e+000	2.50000e-002	1.66609e-009
9.75000e+000	3.00000e-002	1.60677e-009
9.75000e+000	3.50000e-002	1.52818e-009
9.75000e+000	4.00000e-002	1.43680e-009
9.75000e+000	4.50000e-002	1.33630e-009
9.75000e+000	5.00000e-002	1.22902e-009
9.75000e+000	5.50000e-002	1.11649e-009
9.75000e+000	6.00000e-002	9.99847e-010
9.75000e+000	6.50000e-002	8.79924e-010
9.75000e+000	7.00000e-002	7.57378e-010
9.75000e+000	7.50000e-002	6.32744e-010
9.75000e+000	8.00000e-002	5.06470e-010
9.75000e+000	8.50000e-002	3.78946e-010
9.75000e+000	9.00000e-002	2.50521e-010
9.75000e+000	9.50000e-002	1.21515e-010
9.75000e+000	1.00000e-001	-7.76871e-012
9.75000e+000	1.05000e-001	-1.37036e-010
9.75000e+000	1.10000e-001	-2.65991e-010
9.75000e+000	1.15000e-001	-3.94330e-010
9.75000e+000	1.20000e-001	-5.21732e-010
9.75000e+000	1.25000e-001	-6.47847e-010
9.75000e+000	1.30000e-001	-7.72284e-010
9.75000e+000	1.35000e-001	-8.94593e-010
9.75000e+000	1.40000e-001	-1.01423e-009
9.75000e+000	1.45000e-001	-1.13055e-009
9.75000e+000	1.50000e-001	-1.24269e-009
9.75000e+000	1.55000e-001	-1.34954e-009
9.75000e+000	1.60000e-001	-1.44952e-009
9.75000e+000	1.65000e-001	-1.54032e-009
9.75000e+000	1.70000e-001	-1.61821e-009
9.75000e+000	1.75000e-001	-1.67669e-009
9.75000e+000	1.80000e-001	-1.70266e-009
9.75000e+000	1.85000e-001	-1.66391e-009
9.75000e+000	1.90000e-001	-1.46543e-009
9.75000e+000	1.95000e-001	-9.55638e-010
9.75000e+000	2.00000e-001	0.00000e+000

1.00000e+001	0.00000e+000	0.00000e+000
1.00000e+001	5.00000e-003	9.53242e-010
1.00000e+001	1.00000e-002	1.45972e-009
1.00000e+001	1.50000e-002	1.65586e-009
1.00000e+001	2.00000e-002	1.69313e-009
1.00000e+001	2.50000e-002	1.66609e-009
1.00000e+001	3.00000e-002	1.60677e-009
1.00000e+001	3.50000e-002	1.52818e-009
1.00000e+001	4.00000e-002	1.43680e-009
1.00000e+001	4.50000e-002	1.33630e-009
1.00000e+001	5.00000e-002	1.22902e-009
1.00000e+001	5.50000e-002	1.11649e-009
1.00000e+001	6.00000e-002	9.99847e-010
1.00000e+001	6.50000e-002	8.79924e-010
1.00000e+001	7.00000e-002	7.57378e-010
1.00000e+001	7.50000e-002	6.32744e-010
1.00000e+001	8.00000e-002	5.06470e-010
1.00000e+001	8.50000e-002	3.78946e-010
1.00000e+001	9.00000e-002	2.50521e-010
1.00000e+001	9.50000e-002	1.21515e-010
1.00000e+001	1.00000e-001	-7.76871e-012
1.00000e+001	1.05000e-001	-1.37036e-010
1.00000e+001	1.10000e-001	-2.65991e-010
1.00000e+001	1.15000e-001	-3.94330e-010
1.00000e+001	1.20000e-001	-5.21732e-010
1.00000e+001	1.25000e-001	-6.47847e-010
1.00000e+001	1.30000e-001	-7.72284e-010
1.00000e+001	1.35000e-001	-8.94593e-010
1.00000e+001	1.40000e-001	-1.01423e-009
1.00000e+001	1.45000e-001	-1.13055e-009
1.00000e+001	1.50000e-001	-1.24269e-009
1.00000e+001	1.55000e-001	-1.34954e-009
1.00000e+001	1.60000e-001	-1.44952e-009
1.00000e+001	1.65000e-001	-1.54032e-009
1.00000e+001	1.70000e-001	-1.61821e-009
1.00000e+001	1.75000e-001	-1.67669e-009
1.00000e+001	1.80000e-001	-1.70266e-009
1.00000e+001	1.85000e-001	-1.66391e-009
1.00000e+001	1.90000e-001	-1.46543e-009
1.00000e+001	1.95000e-001	-9.55638e-010
1.00000e+001	2.00000e-001	0.00000e+000

