2.50000e-001	2.50000e-003	2.36029e+003
2.50000e-001	7.50000e-003	2.00773e+002
2.50000e-001	1.25000e-002	1.04655e+002
2.50000e-001	1.75000e-002	7.32290e+001
2.50000e-001	2.25000e-002	5.70389e+001
2.50000e-001	2.75000e-002	4.70378e+001
2.50000e-001	3.25000e-002	4.01990e+001
2.50000e-001	3.75000e-002	3.52056e+001
2.50000e-001	4.25000e-002	3.13877e+001
2.50000e-001	4.75000e-002	2.83673e+001
2.50000e-001	5.25000e-002	2.59139e+001
2.50000e-001	5.75000e-002	2.38786e+001
2.50000e-001	6.25000e-002	2.21610e+001
2.50000e-001	6.75000e-002	2.06908e+001
2.50000e-001	7.25000e-002	1.94170e+001
2.50000e-001	7.75000e-002	1.83019e+001
2.50000e-001	8.25000e-002	1.73172e+001
2.50000e-001	8.75000e-002	1.64406e+001
2.50000e-001	9.25000e-002	1.56548e+001
2.50000e-001	9.75000e-002	1.49460e+001
2.50000e-001	1.02500e-001	5.95178e-008
2.50000e-001	1.07500e-001	-1.49460e+001
2.50000e-001	1.12500e-001	-1.56548e+001
2.50000e-001	1.17500e-001	-1.64406e+001
2.50000e-001	1.22500e-001	-1.73172e+001
2.50000e-001	1.27500e-001	-1.83019e+001
2.50000e-001	1.32500e-001	-1.94170e+001
2.50000e-001	1.37500e-001	-2.06908e+001
2.50000e-001	1.42500e-001	-2.21610e+001
2.50000e-001	1.47500e-001	-2.38786e+001
2.50000e-001	1.52500e-001	-2.59139e+001
2.50000e-001	1.57500e-001	-2.83673e+001
2.50000e-001	1.62500e-001	-3.13877e+001
2.50000e-001	1.67500e-001	-3.52056e+001
2.50000e-001	1.72500e-001	-4.01990e+001
2.50000e-001	1.77500e-001	-4.70378e+001
2.50000e-001	1.82500e-001	-5.70389e+001
2.50000e-001	1.87500e-001	-7.32290e+001
2.50000e-001	1.92500e-001	-1.04655e+002
2.50000e-001	1.97500e-001	-2.00773e+002

7.50000e-001	2.50000e-003	2.49268e+003
7.50000e-001	7.50000e-003	1.04712e+002
7.50000e-001	1.25000e-002	1.14944e+002
7.50000e-001	1.75000e-002	7.99814e+001
7.50000e-001	2.25000e-002	5.98977e+001
7.50000e-001	2.75000e-002	4.91250e+001
7.50000e-001	3.25000e-002	4.26885e+001
7.50000e-001	3.75000e-002	3.76547e+001
7.50000e-001	4.25000e-002	3.34246e+001
7.50000e-001	4.75000e-002	2.99188e+001
7.50000e-001	5.25000e-002	2.70306e+001
7.50000e-001	5.75000e-002	2.46453e+001
7.50000e-001	6.25000e-002	2.26639e+001
7.50000e-001	6.75000e-002	2.10027e+001
7.50000e-001	7.25000e-002	1.95876e+001
7.50000e-001	7.75000e-002	1.83470e+001
7.50000e-001	8.25000e-002	1.71936e+001
7.50000e-001	8.75000e-002	1.59638e+001
7.50000e-001	9.25000e-002	1.42043e+001
7.50000e-001	9.75000e-002	1.04486e+001
7.50000e-001	1.02500e-001	-7.24714e-006
7.50000e-001	1.07500e-001	-1.04486e+001
7.50000e-001	1.12500e-001	-1.42043e+001
7.50000e-001	1.17500e-001	-1.59638e+001
7.50000e-001	1.22500e-001	-1.71936e+001
7.50000e-001	1.27500e-001	-1.83470e+001
7.50000e-001	1.32500e-001	-1.95876e+001
7.50000e-001	1.37500e-001	-2.10028e+001
7.50000e-001	1.42500e-001	-2.26639e+001
7.50000e-001	1.47500e-001	-2.46453e+001
7.50000e-001	1.52500e-001	-2.70306e+001
7.50000e-001	1.57500e-001	-2.99188e+001
7.50000e-001	1.62500e-001	-3.34246e+001
7.50000e-001	1.67500e-001	-3.76547e+001
7.50000e-001	1.72500e-001	-4.26885e+001
7.50000e-001	1.77500e-001	-4.91250e+001
7.50000e-001	1.82500e-001	-5.98977e+001
7.50000e-001	1.87500e-001	-7.99814e+001
7.50000e-001	1.92500e-001	-1.14944e+002
7.50000e-001	1.97500e-001	-1.04712e+002

1.25000e+000	2.50000e-003	2.52732e+003
1.25000e+000	7.50000e-003	9.83333e+001
1.25000e+000	1.25000e-002	1.08656e+002
1.25000e+000	1.75000e-002	7.29817e+001
1.25000e+000	2.25000e-002	5.69891e+001
1.25000e+000	2.75000e-002	4.81898e+001
1.25000e+000	3.25000e-002	4.24355e+001
1.25000e+000	3.75000e-002	3.80987e+001
1.25000e+000	4.25000e-002	3.44943e+001
1.25000e+000	4.75000e-002	3.13397e+001
1.25000e+000	5.25000e-002	2.85208e+001
1.25000e+000	5.75000e-002	2.59989e+001
1.25000e+000	6.25000e-002	2.37629e+001
1.25000e+000	6.75000e-002	2.17994e+001
1.25000e+000	7.25000e-002	2.00736e+001
1.25000e+000	7.75000e-002	1.85174e+001
1.25000e+000	8.25000e-002	1.70060e+001
1.25000e+000	8.75000e-002	1.52840e+001
1.25000e+000	9.25000e-002	1.27507e+001
1.25000e+000	9.75000e-002	8.11377e+000
1.25000e+000	1.02500e-001	-8.26980e-005
1.25000e+000	1.07500e-001	-8.11390e+000
1.25000e+000	1.12500e-001	-1.27508e+001
1.25000e+000	1.17500e-001	-1.52840e+001
1.25000e+000	1.22500e-001	-1.70060e+001
1.25000e+000	1.27500e-001	-1.85174e+001
1.25000e+000	1.32500e-001	-2.00736e+001
1.25000e+000	1.37500e-001	-2.17994e+001
1.25000e+000	1.42500e-001	-2.37629e+001
1.25000e+000	1.47500e-001	-2.59989e+001
1.25000e+000	1.52500e-001	-2.85208e+001
1.25000e+000	1.57500e-001	-3.13397e+001
1.25000e+000	1.62500e-001	-3.44943e+001
1.25000e+000	1.67500e-001	-3.80987e+001
1.25000e+000	1.72500e-001	-4.24355e+001
1.25000e+000	1.77500e-001	-4.81898e+001
1.25000e+000	1.82500e-001	-5.69891e+001
1.25000e+000	1.87500e-001	-7.29817e+001
1.25000e+000	1.92500e-001	-1.08656e+002
1.25000e+000	1.97500e-001	-9.83332e+001

1.75000e+000	2.50000e-003	2.57098e+003
1.75000e+000	7.50000e-003	9.53656e+001
1.75000e+000	1.25000e-002	1.03482e+002
1.75000e+000	1.75000e-002	6.70038e+001
1.75000e+000	2.25000e-002	5.18719e+001
1.75000e+000	2.75000e-002	4.42499e+001
1.75000e+000	3.25000e-002	3.95449e+001
1.75000e+000	3.75000e-002	3.61823e+001
1.75000e+000	4.25000e-002	3.34871e+001
1.75000e+000	4.75000e-002	3.11322e+001
1.75000e+000	5.25000e-002	2.89518e+001
1.75000e+000	5.75000e-002	2.68664e+001
1.75000e+000	6.25000e-002	2.48474e+001
1.75000e+000	6.75000e-002	2.28927e+001
1.75000e+000	7.25000e-002	2.10036e+001
1.75000e+000	7.75000e-002	1.91566e+001
1.75000e+000	8.25000e-002	1.72612e+001
1.75000e+000	8.75000e-002	1.50735e+001
1.75000e+000	9.25000e-002	1.20056e+001
1.75000e+000	9.75000e-002	7.06400e+000
1.75000e+000	1.02500e-001	-9.71859e-004
1.75000e+000	1.07500e-001	-7.06558e+000
1.75000e+000	1.12500e-001	-1.20065e+001
1.75000e+000	1.17500e-001	-1.50739e+001
1.75000e+000	1.22500e-001	-1.72614e+001
1.75000e+000	1.27500e-001	-1.91567e+001
1.75000e+000	1.32500e-001	-2.10036e+001
1.75000e+000	1.37500e-001	-2.28927e+001
1.75000e+000	1.42500e-001	-2.48473e+001
1.75000e+000	1.47500e-001	-2.68663e+001
1.75000e+000	1.52500e-001	-2.89517e+001
1.75000e+000	1.57500e-001	-3.11321e+001
1.75000e+000	1.62500e-001	-3.34870e+001
1.75000e+000	1.67500e-001	-3.61822e+001
1.75000e+000	1.72500e-001	-3.95448e+001
1.75000e+000	1.77500e-001	-4.42498e+001
1.75000e+000	1.82500e-001	-5.18718e+001
1.75000e+000	1.87500e-001	-6.70038e+001
1.75000e+000	1.92500e-001	-1.03482e+002
1.75000e+000	1.97500e-001	-9.53649e+001

2.25000e+000	2.50000e-003	2.61499e+003
2.25000e+000	7.50000e-003	9.46469e+001
2.25000e+000	1.25000e-002	9.97775e+001
2.25000e+000	1.75000e-002	6.24233e+001
2.25000e+000	2.25000e-002	4.73719e+001
2.25000e+000	2.75000e-002	4.01646e+001
2.25000e+000	3.25000e-002	3.59727e+001
2.25000e+000	3.75000e-002	3.31666e+001
2.25000e+000	4.25000e-002	3.10569e+001
2.25000e+000	4.75000e-002	2.93043e+001
2.25000e+000	5.25000e-002	2.77233e+001
2.25000e+000	5.75000e-002	2.62053e+001
2.25000e+000	6.25000e-002	2.46845e+001
2.25000e+000	6.75000e-002	2.31197e+001
2.25000e+000	7.25000e-002	2.14795e+001
2.25000e+000	7.75000e-002	1.97228e+001
2.25000e+000	8.25000e-002	1.77576e+001
2.25000e+000	8.75000e-002	1.53495e+001
2.25000e+000	9.25000e-002	1.19485e+001
2.25000e+000	9.75000e-002	6.77579e+000
2.25000e+000	1.02500e-001	-1.20287e-002
2.25000e+000	1.07500e-001	-6.79574e+000
2.25000e+000	1.12500e-001	-1.19592e+001
2.25000e+000	1.17500e-001	-1.53536e+001
2.25000e+000	1.22500e-001	-1.77592e+001
2.25000e+000	1.27500e-001	-1.97233e+001
2.25000e+000	1.32500e-001	-2.14795e+001
2.25000e+000	1.37500e-001	-2.31192e+001
2.25000e+000	1.42500e-001	-2.46837e+001
2.25000e+000	1.47500e-001	-2.62043e+001
2.25000e+000	1.52500e-001	-2.77221e+001
2.25000e+000	1.57500e-001	-2.93031e+001
2.25000e+000	1.62500e-001	-3.10559e+001
2.25000e+000	1.67500e-001	-3.31658e+001
2.25000e+000	1.72500e-001	-3.59722e+001
2.25000e+000	1.77500e-001	-4.01646e+001
2.25000e+000	1.82500e-001	-4.73720e+001
2.25000e+000	1.87500e-001	-6.24232e+001
2.25000e+000	1.92500e-001	-9.97749e+001
2.25000e+000	1.97500e-001	-9.46391e+001

2.75000e+000	2.50000e-003	2.65720e+003
2.75000e+000	7.50000e-003	9.45220e+001
2.75000e+000	1.25000e-002	9.72841e+001
2.75000e+000	1.75000e-002	5.91508e+001
2.75000e+000	2.25000e-002	4.39066e+001
2.75000e+000	2.75000e-002	3.67404e+001
2.75000e+000	3.25000e-002	3.27076e+001
2.75000e+000	3.75000e-002	3.01272e+001
2.75000e+000	4.25000e-002	2.82904e+001
2.75000e+000	4.75000e-002	2.68500e+001
2.75000e+000	5.25000e-002	2.56155e+001
2.75000e+000	5.75000e-002	2.44710e+001
2.75000e+000	6.25000e-002	2.33385e+001
2.75000e+000	6.75000e-002	2.21579e+001
2.75000e+000	7.25000e-002	2.08709e+001
2.75000e+000	7.75000e-002	1.94000e+001
2.75000e+000	8.25000e-002	1.76083e+001
2.75000e+000	8.75000e-002	1.52149e+001
2.75000e+000	9.25000e-002	1.16812e+001
2.75000e+000	9.75000e-002	6.44452e+000
2.75000e+000	1.02500e-001	-1.25076e-001
2.75000e+000	1.07500e-001	-6.66488e+000
2.75000e+000	1.12500e-001	-1.18236e+001
2.75000e+000	1.17500e-001	-1.52840e+001
2.75000e+000	1.22500e-001	-1.76350e+001
2.75000e+000	1.27500e-001	-1.94059e+001
2.75000e+000	1.32500e-001	-2.08675e+001
2.75000e+000	1.37500e-001	-2.21503e+001
2.75000e+000	1.42500e-001	-2.33286e+001
2.75000e+000	1.47500e-001	-2.44594e+001
2.75000e+000	1.52500e-001	-2.56028e+001
2.75000e+000	1.57500e-001	-2.68368e+001
2.75000e+000	1.62500e-001	-2.82774e+001
2.75000e+000	1.67500e-001	-3.01156e+001
2.75000e+000	1.72500e-001	-3.26989e+001
2.75000e+000	1.77500e-001	-3.67371e+001
2.75000e+000	1.82500e-001	-4.39144e+001
2.75000e+000	1.87500e-001	-5.91841e+001
2.75000e+000	1.92500e-001	-9.72916e+001
2.75000e+000	1.97500e-001	-9.44057e+001

3.25000e+000	2.50000e-003	2.69742e+003
3.25000e+000	7.50000e-003	9.77719e+001
3.25000e+000	1.25000e-002	9.82158e+001
3.25000e+000	1.75000e-002	5.56686e+001
3.25000e+000	2.25000e-002	4.02633e+001
3.25000e+000	2.75000e-002	3.34620e+001
3.25000e+000	3.25000e-002	2.97491e+001
3.25000e+000	3.75000e-002	2.74214e+001
3.25000e+000	4.25000e-002	2.57941e+001
3.25000e+000	4.75000e-002	2.45394e+001
3.25000e+000	5.25000e-002	2.34769e+001
3.25000e+000	5.75000e-002	2.24925e+001
3.25000e+000	6.25000e-002	2.14982e+001
3.25000e+000	6.75000e-002	2.04068e+001
3.25000e+000	7.25000e-002	1.91018e+001
3.25000e+000	7.75000e-002	1.73853e+001
3.25000e+000	8.25000e-002	1.54485e+001
3.25000e+000	8.75000e-002	1.29758e+001
3.25000e+000	9.25000e-002	9.55780e+000
3.25000e+000	9.75000e-002	4.94086e+000
3.25000e+000	1.02500e-001	-5.16771e-001
3.25000e+000	1.07500e-001	-5.99692e+000
3.25000e+000	1.12500e-001	-1.06663e+001
3.25000e+000	1.17500e-001	-1.41270e+001
3.25000e+000	1.22500e-001	-1.65805e+001
3.25000e+000	1.27500e-001	-1.83950e+001
3.25000e+000	1.32500e-001	-1.97730e+001
3.25000e+000	1.37500e-001	-2.09064e+001
3.25000e+000	1.42500e-001	-2.19070e+001
3.25000e+000	1.47500e-001	-2.28514e+001
3.25000e+000	1.52500e-001	-2.38075e+001
3.25000e+000	1.57500e-001	-2.48526e+001
3.25000e+000	1.62500e-001	-2.60951e+001
3.25000e+000	1.67500e-001	-2.77112e+001
3.25000e+000	1.72500e-001	-3.00248e+001
3.25000e+000	1.77500e-001	-3.37150e+001
3.25000e+000	1.82500e-001	-4.04679e+001
3.25000e+000	1.87500e-001	-5.57136e+001
3.25000e+000	1.92500e-001	-9.82955e+001
3.25000e+000	1.97500e-001	-9.86319e+001

3.75000e+000	2.50000e-003	3.59111e+003
3.75000e+000	7.50000e-003	-1.02167e+001
3.75000e+000	1.25000e-002	-8.91191e+000
3.75000e+000	1.75000e-002	-7.93978e+000
3.75000e+000	2.25000e-002	-7.58684e+000
3.75000e+000	2.75000e-002	-7.43248e+000
3.75000e+000	3.25000e-002	-7.37219e+000
3.75000e+000	3.75000e-002	-7.36503e+000
3.75000e+000	4.25000e-002	-7.39115e+000
3.75000e+000	4.75000e-002	-7.43955e+000
3.75000e+000	5.25000e-002	-7.50357e+000
3.75000e+000	5.75000e-002	-7.57889e+000
3.75000e+000	6.25000e-002	-7.66254e+000
3.75000e+000	6.75000e-002	-7.75240e+000
3.75000e+000	7.25000e-002	-7.84688e+000
3.75000e+000	7.75000e-002	4.91533e+000
3.75000e+000	8.25000e-002	4.86517e+000
3.75000e+000	8.75000e-002	4.94683e+000
3.75000e+000	9.25000e-002	5.00864e+000
3.75000e+000	9.75000e-002	5.05248e+000
3.75000e+000	1.02500e-001	5.08202e+000
3.75000e+000	1.07500e-001	5.10018e+000
3.75000e+000	1.12500e-001	5.10941e+000
3.75000e+000	1.17500e-001	5.11294e+000
3.75000e+000	1.22500e-001	5.37415e+000
3.75000e+000	1.27500e-001	8.03946e+000
3.75000e+000	1.32500e-001	7.90091e+000
3.75000e+000	1.37500e-001	7.76612e+000
3.75000e+000	1.42500e-001	7.63618e+000
3.75000e+000	1.47500e-001	7.51244e+000
3.75000e+000	1.52500e-001	7.39672e+000
3.75000e+000	1.57500e-001	7.29153e+000
3.75000e+000	1.62500e-001	7.20054e+000
3.75000e+000	1.67500e-001	7.12938e+000
3.75000e+000	1.72500e-001	7.08732e+000
3.75000e+000	1.77500e-001	7.09098e+000
3.75000e+000	1.82500e-001	7.17453e+000
3.75000e+000	1.87500e-001	7.42485e+000
3.75000e+000	1.92500e-001	8.19438e+000
3.75000e+000	1.97500e-001	9.04096e+000

4.25000e+000	2.50000e-003	4.50719e+003
4.25000e+000	7.50000e-003	-3.53541e+000
4.25000e+000	1.25000e-002	-3.64132e+000
4.25000e+000	1.75000e-002	-3.16973e+000
4.25000e+000	2.25000e-002	-2.93216e+000
4.25000e+000	2.75000e-002	-2.77761e+000
4.25000e+000	3.25000e-002	-2.66427e+000
4.25000e+000	3.75000e-002	-2.57435e+000
4.25000e+000	4.25000e-002	-2.49871e+000
4.25000e+000	4.75000e-002	-2.43210e+000
4.25000e+000	5.25000e-002	-2.37120e+000
4.25000e+000	5.75000e-002	-2.31376e+000
4.25000e+000	6.25000e-002	-2.25816e+000
4.25000e+000	6.75000e-002	-2.20314e+000
4.25000e+000	7.25000e-002	-2.18614e+000
4.25000e+000	7.75000e-002	-2.22183e+003
4.25000e+000	8.25000e-002	-5.76778e-001
4.25000e+000	8.75000e-002	-4.07713e-001
4.25000e+000	9.25000e-002	-2.38193e-001
4.25000e+000	9.75000e-002	-6.81958e-002
4.25000e+000	1.02500e-001	1.02296e-001
4.25000e+000	1.07500e-001	2.73302e-001
4.25000e+000	1.12500e-001	4.44836e-001
4.25000e+000	1.17500e-001	6.16916e-001
4.25000e+000	1.22500e-001	2.27042e+003
4.25000e+000	1.27500e-001	2.26098e+000
4.25000e+000	1.32500e-001	2.27918e+000
4.25000e+000	1.37500e-001	2.33715e+000
4.25000e+000	1.42500e-001	2.39471e+000
4.25000e+000	1.47500e-001	2.45290e+000
4.25000e+000	1.52500e-001	2.51301e+000
4.25000e+000	1.57500e-001	2.57675e+000
4.25000e+000	1.62500e-001	2.64649e+000
4.25000e+000	1.67500e-001	2.72574e+000
4.25000e+000	1.72500e-001	2.82012e+000
4.25000e+000	1.77500e-001	2.93940e+000
4.25000e+000	1.82500e-001	3.10273e+000
4.25000e+000	1.87500e-001	3.35529e+000
4.25000e+000	1.92500e-001	3.86145e+000
4.25000e+000	1.97500e-001	3.80047e+000

4.75000e+000	2.50000e-003	4.48883e+003
4.75000e+000	7.50000e-003	4.90576e+000
4.75000e+000	1.25000e-002	-5.61132e-001
4.75000e+000	1.75000e-002	-1.55289e+000
4.75000e+000	2.25000e-002	-1.94762e+000
4.75000e+000	2.75000e-002	-2.20191e+000
4.75000e+000	3.25000e-002	-2.41081e+000
4.75000e+000	3.75000e-002	-2.60768e+000
4.75000e+000	4.25000e-002	-2.80927e+000
4.75000e+000	4.75000e-002	-3.02716e+000
4.75000e+000	5.25000e-002	-3.27206e+000
4.75000e+000	5.75000e-002	-3.55627e+000
4.75000e+000	6.25000e-002	-3.89603e+000
4.75000e+000	6.75000e-002	-4.31506e+000
4.75000e+000	7.25000e-002	-9.40681e+000
4.75000e+000	7.75000e-002	-2.20771e+003
4.75000e+000	8.25000e-002	-1.70769e-028
4.75000e+000	8.75000e-002	-3.73770e-033
4.75000e+000	9.25000e-002	-2.16950e-033
4.75000e+000	9.75000e-002	-6.19369e-034
4.75000e+000	1.02500e-001	9.29549e-034
4.75000e+000	1.07500e-001	2.49343e-033
4.75000e+000	1.12500e-001	4.08942e-033
4.75000e+000	1.17500e-001	1.78420e-028
4.75000e+000	1.22500e-001	2.25719e+003
4.75000e+000	1.27500e-001	8.97959e+000
4.75000e+000	1.32500e-001	4.14619e+000
4.75000e+000	1.37500e-001	3.77437e+000
4.75000e+000	1.42500e-001	3.47081e+000
4.75000e+000	1.47500e-001	3.21628e+000
4.75000e+000	1.52500e-001	2.99745e+000
4.75000e+000	1.57500e-001	2.80439e+000
4.75000e+000	1.62500e-001	2.62885e+000
4.75000e+000	1.67500e-001	2.46288e+000
4.75000e+000	1.72500e-001	2.29694e+000
4.75000e+000	1.77500e-001	2.11602e+000
4.75000e+000	1.82500e-001	1.88870e+000
4.75000e+000	1.87500e-001	1.52360e+000
4.75000e+000	1.92500e-001	5.80277e-001
4.75000e+000	1.97500e-001	-4.76138e+000

5.25000e+000	2.50000e-003	4.48186e+003
5.25000e+000	7.50000e-003	1.57887e+001
5.25000e+000	1.25000e-002	2.37396e+000
5.25000e+000	1.75000e-002	-9.40487e-001
5.25000e+000	2.25000e-002	-2.23292e+000
5.25000e+000	2.75000e-002	-3.06861e+000
5.25000e+000	3.25000e-002	-3.75628e+000
5.25000e+000	3.75000e-002	-4.40517e+000
5.25000e+000	4.25000e-002	-5.07207e+000
5.25000e+000	4.75000e-002	-5.79832e+000
5.25000e+000	5.25000e-002	-6.62425e+000
5.25000e+000	5.75000e-002	-7.59866e+000
5.25000e+000	6.25000e-002	-8.78998e+000
5.25000e+000	6.75000e-002	-1.03057e+001
5.25000e+000	7.25000e-002	-2.32830e+001
5.25000e+000	7.75000e-002	-2.17703e+003
5.25000e+000	8.25000e-002	-9.93134e-029
5.25000e+000	8.75000e-002	-3.31160e-033
5.25000e+000	9.25000e-002	-1.77821e-033
5.25000e+000	9.75000e-002	-2.66130e-034
5.25000e+000	1.02500e-001	1.24119e-033
5.25000e+000	1.07500e-001	2.76009e-033
5.25000e+000	1.12500e-001	4.30751e-033
5.25000e+000	1.17500e-001	1.04705e-028
5.25000e+000	1.22500e-001	2.22849e+003
5.25000e+000	1.27500e-001	2.14540e+001
5.25000e+000	1.32500e-001	9.56222e+000
5.25000e+000	1.37500e-001	8.24081e+000
5.25000e+000	1.42500e-001	7.18929e+000
5.25000e+000	1.47500e-001	6.32351e+000
5.25000e+000	1.52500e-001	5.58880e+000
5.25000e+000	1.57500e-001	4.94632e+000
5.25000e+000	1.62500e-001	4.36519e+000
5.25000e+000	1.67500e-001	3.81675e+000
5.25000e+000	1.72500e-001	3.26796e+000
5.25000e+000	1.77500e-001	2.66881e+000
5.25000e+000	1.82500e-001	1.91747e+000
5.25000e+000	1.87500e-001	7.19841e-001
5.25000e+000	1.92500e-001	-2.41725e+000
5.25000e+000	1.97500e-001	-1.54120e+001

5.75000e+000	2.50000e-003	4.69473e+003
5.75000e+000	7.50000e-003	-2.68271e+001
5.75000e+000	1.25000e-002	-2.04149e+001
5.75000e+000	1.75000e-002	-1.66931e+001
5.75000e+000	2.25000e-002	-1.50442e+001
5.75000e+000	2.75000e-002	-1.40845e+001
5.75000e+000	3.25000e-002	-1.34522e+001
5.75000e+000	3.75000e-002	-1.30048e+001
5.75000e+000	4.25000e-002	-1.26735e+001
5.75000e+000	4.75000e-002	-1.24203e+001
5.75000e+000	5.25000e-002	-1.22227e+001
5.75000e+000	5.75000e-002	-1.20663e+001
5.75000e+000	6.25000e-002	-1.19414e+001
5.75000e+000	6.75000e-002	-1.18414e+001
5.75000e+000	7.25000e-002	-1.18154e+001
5.75000e+000	7.75000e-002	-2.14909e+003
5.75000e+000	8.25000e-002	-5.45348e-001
5.75000e+000	8.75000e-002	-3.73484e-001
5.75000e+000	9.25000e-002	-2.01831e-001
5.75000e+000	9.75000e-002	-3.02895e-002
5.75000e+000	1.02500e-001	1.41239e-001
5.75000e+000	1.07500e-001	3.12855e-001
5.75000e+000	1.12500e-001	4.84656e-001
5.75000e+000	1.17500e-001	6.56739e-001
5.75000e+000	1.22500e-001	2.19375e+003
5.75000e+000	1.27500e-001	1.20393e+001
5.75000e+000	1.32500e-001	1.20120e+001
5.75000e+000	1.37500e-001	1.20644e+001
5.75000e+000	1.42500e-001	1.21363e+001
5.75000e+000	1.47500e-001	1.22323e+001
5.75000e+000	1.52500e-001	1.23591e+001
5.75000e+000	1.57500e-001	1.25260e+001
5.75000e+000	1.62500e-001	1.27473e+001
5.75000e+000	1.67500e-001	1.30450e+001
5.75000e+000	1.72500e-001	1.34561e+001
5.75000e+000	1.77500e-001	1.40479e+001
5.75000e+000	1.82500e-001	1.49601e+001
5.75000e+000	1.87500e-001	1.65461e+001
5.75000e+000	1.92500e-001	2.01620e+001
5.75000e+000	1.97500e-001	2.63288e+001

6.25000e+000	2.50000e-003	3.58750e+003
6.25000e+000	7.50000e-003	-8.24142e+000
6.25000e+000	1.25000e-002	-6.44897e+000
6.25000e+000	1.75000e-002	-5.22054e+000
6.25000e+000	2.25000e-002	-4.66715e+000
6.25000e+000	2.75000e-002	-4.33965e+000
6.25000e+000	3.25000e-002	-4.12165e+000
6.25000e+000	3.75000e-002	-3.96661e+000
6.25000e+000	4.25000e-002	-3.85182e+000
6.25000e+000	4.75000e-002	-3.76473e+000
6.25000e+000	5.25000e-002	-3.69774e+000
6.25000e+000	5.75000e-002	-3.64601e+000
6.25000e+000	6.25000e-002	-3.60622e+000
6.25000e+000	6.75000e-002	-3.57608e+000
6.25000e+000	7.25000e-002	-3.55394e+000
6.25000e+000	7.75000e-002	-3.53635e+000
6.25000e+000	8.25000e-002	-2.54746e+000
6.25000e+000	8.75000e-002	-1.73262e+000
6.25000e+000	9.25000e-002	-9.12529e-001
6.25000e+000	9.75000e-002	-9.00659e-002
6.25000e+000	1.02500e-001	7.31858e-001
6.25000e+000	1.07500e-001	1.55030e+000
6.25000e+000	1.12500e-001	2.36224e+000
6.25000e+000	1.17500e-001	3.16489e+000
6.25000e+000	1.22500e-001	4.14739e+000
6.25000e+000	1.27500e-001	4.14085e+000
6.25000e+000	1.32500e-001	4.14042e+000
6.25000e+000	1.37500e-001	4.14782e+000
6.25000e+000	1.42500e-001	4.16440e+000
6.25000e+000	1.47500e-001	4.19197e+000
6.25000e+000	1.52500e-001	4.23309e+000
6.25000e+000	1.57500e-001	4.29137e+000
6.25000e+000	1.62500e-001	4.37224e+000
6.25000e+000	1.67500e-001	4.48410e+000
6.25000e+000	1.72500e-001	4.64096e+000
6.25000e+000	1.77500e-001	4.86816e+000
6.25000e+000	1.82500e-001	5.21784e+000
6.25000e+000	1.87500e-001	5.82086e+000
6.25000e+000	1.92500e-001	7.18377e+000
6.25000e+000	1.97500e-001	9.25436e+000

6.75000e+000	2.50000e-003	3.49051e+003
6.75000e+000	7.50000e-003	5.43145e+000
6.75000e+000	1.25000e-002	1.24550e+000
6.75000e+000	1.75000e-002	3.44289e-001
6.75000e+000	2.25000e-002	5.92223e-002
6.75000e+000	2.75000e-002	-6.75676e-002
6.75000e+000	3.25000e-002	-1.31216e-001
6.75000e+000	3.75000e-002	-1.63412e-001
6.75000e+000	4.25000e-002	-1.77511e-001
6.75000e+000	4.75000e-002	-1.80022e-001
6.75000e+000	5.25000e-002	-1.74437e-001
6.75000e+000	5.75000e-002	-1.62743e-001
6.75000e+000	6.25000e-002	-1.46110e-001
6.75000e+000	6.75000e-002	-1.25213e-001
6.75000e+000	7.25000e-002	-1.00412e-001
6.75000e+000	7.75000e-002	-7.18391e-002
6.75000e+000	8.25000e-002	-3.94560e-002
6.75000e+000	8.75000e-002	-4.60228e-003
6.75000e+000	9.25000e-002	3.19568e-002
6.75000e+000	9.75000e-002	6.95285e-002
6.75000e+000	1.02500e-001	1.07464e-001
6.75000e+000	1.07500e-001	1.45136e-001
6.75000e+000	1.12500e-001	1.81920e-001
6.75000e+000	1.17500e-001	2.17174e-001
6.75000e+000	1.22500e-001	2.50222e-001
6.75000e+000	1.27500e-001	2.79794e-001
6.75000e+000	1.32500e-001	3.06005e-001
6.75000e+000	1.37500e-001	3.28864e-001
6.75000e+000	1.42500e-001	3.48229e-001
6.75000e+000	1.47500e-001	3.63761e-001
6.75000e+000	1.52500e-001	3.74839e-001
6.75000e+000	1.57500e-001	3.80406e-001
6.75000e+000	1.62500e-001	3.78664e-001
6.75000e+000	1.67500e-001	3.66455e-001
6.75000e+000	1.72500e-001	3.37874e-001
6.75000e+000	1.77500e-001	2.80754e-001
6.75000e+000	1.82500e-001	1.66079e-001
6.75000e+000	1.87500e-001	-9.37889e-002
6.75000e+000	1.92500e-001	-9.21586e-001
6.75000e+000	1.97500e-001	-4.98472e+000

7.25000e+000	2.50000e-003	3.45487e+003
7.25000e+000	7.50000e-003	1.46671e+001
7.25000e+000	1.25000e-002	4.88643e+000
7.25000e+000	1.75000e-002	2.28962e+000
7.25000e+000	2.25000e-002	1.43290e+000
7.25000e+000	2.75000e-002	1.00902e+000
7.25000e+000	3.25000e-002	7.57651e-001
7.25000e+000	3.75000e-002	5.92082e-001
7.25000e+000	4.25000e-002	4.75339e-001
7.25000e+000	4.75000e-002	3.89005e-001
7.25000e+000	5.25000e-002	3.22863e-001
7.25000e+000	5.75000e-002	2.70775e-001
7.25000e+000	6.25000e-002	2.28809e-001
7.25000e+000	6.75000e-002	1.94320e-001
7.25000e+000	7.25000e-002	1.65440e-001
7.25000e+000	7.75000e-002	1.40800e-001
7.25000e+000	8.25000e-002	1.19349e-001
7.25000e+000	8.75000e-002	1.00249e-001
7.25000e+000	9.25000e-002	8.28010e-002
7.25000e+000	9.75000e-002	6.64028e-002
7.25000e+000	1.02500e-001	5.05076e-002
7.25000e+000	1.07500e-001	3.45967e-002
7.25000e+000	1.12500e-001	1.81525e-002
7.25000e+000	1.17500e-001	6.31639e-004
7.25000e+000	1.22500e-001	-1.85635e-002
7.25000e+000	1.27500e-001	-4.01212e-002
7.25000e+000	1.32500e-001	-6.48650e-002
7.25000e+000	1.37500e-001	-9.38272e-002
7.25000e+000	1.42500e-001	-1.28357e-001
7.25000e+000	1.47500e-001	-1.70294e-001
7.25000e+000	1.52500e-001	-2.22244e-001
7.25000e+000	1.57500e-001	-2.88076e-001
7.25000e+000	1.62500e-001	-3.73834e-001
7.25000e+000	1.67500e-001	-4.89569e-001
7.25000e+000	1.72500e-001	-6.53397e-001
7.25000e+000	1.77500e-001	-9.01692e-001
7.25000e+000	1.82500e-001	-1.31977e+000
7.25000e+000	1.87500e-001	-2.16386e+000
7.25000e+000	1.92500e-001	-4.72008e+000
7.25000e+000	1.97500e-001	-1.44458e+001

7.75000e+000	2.50000e-003	3.41792e+003
7.75000e+000	7.50000e-003	2.53998e+001
7.75000e+000	1.25000e-002	8.73766e+000
7.75000e+000	1.75000e-002	4.10093e+000
7.75000e+000	2.25000e-002	2.61074e+000
7.75000e+000	2.75000e-002	1.87520e+000
7.75000e+000	3.25000e-002	1.43537e+000
7.75000e+000	3.75000e-002	1.14131e+000
7.75000e+000	4.25000e-002	9.29809e-001
7.75000e+000	4.75000e-002	7.69609e-001
7.75000e+000	5.25000e-002	6.43421e-001
7.75000e+000	5.75000e-002	5.40869e-001
7.75000e+000	6.25000e-002	4.55312e-001
7.75000e+000	6.75000e-002	3.82272e-001
7.75000e+000	7.25000e-002	3.18591e-001
7.75000e+000	7.75000e-002	2.61954e-001
7.75000e+000	8.25000e-002	2.10592e-001
7.75000e+000	8.75000e-002	1.63108e-001
7.75000e+000	9.25000e-002	1.18347e-001
7.75000e+000	9.75000e-002	7.53169e-002
7.75000e+000	1.02500e-001	3.31233e-002
7.75000e+000	1.07500e-001	-9.08336e-003
7.75000e+000	1.12500e-001	-5.21516e-002
7.75000e+000	1.17500e-001	-9.69754e-002
7.75000e+000	1.22500e-001	-1.44545e-001
7.75000e+000	1.27500e-001	-1.96012e-001
7.75000e+000	1.32500e-001	-2.52769e-001
7.75000e+000	1.37500e-001	-3.16577e-001
7.75000e+000	1.42500e-001	-3.89743e-001
7.75000e+000	1.47500e-001	-4.75412e-001
7.75000e+000	1.52500e-001	-5.78040e-001
7.75000e+000	1.57500e-001	-7.04232e-001
7.75000e+000	1.62500e-001	-8.64308e-001
7.75000e+000	1.67500e-001	-1.07546e+000
7.75000e+000	1.72500e-001	-1.36876e+000
7.75000e+000	1.77500e-001	-1.80704e+000
7.75000e+000	1.82500e-001	-2.53934e+000
7.75000e+000	1.87500e-001	-4.02191e+000
7.75000e+000	1.92500e-001	-8.63204e+000
7.75000e+000	1.97500e-001	-2.52664e+001

8.25000e+000	2.50000e-003	3.37533e+003
8.25000e+000	7.50000e-003	3.81294e+001
8.25000e+000	1.25000e-002	1.33424e+001
8.25000e+000	1.75000e-002	6.08370e+000
8.25000e+000	2.25000e-002	3.84029e+000
8.25000e+000	2.75000e-002	2.75481e+000
8.25000e+000	3.25000e-002	2.11111e+000
8.25000e+000	3.75000e-002	1.68164e+000
8.25000e+000	4.25000e-002	1.37228e+000
8.25000e+000	4.75000e-002	1.13708e+000
8.25000e+000	5.25000e-002	9.50860e-001
8.25000e+000	5.75000e-002	7.98620e-001
8.25000e+000	6.25000e-002	6.70792e-001
8.25000e+000	6.75000e-002	5.60939e-001
8.25000e+000	7.25000e-002	4.64530e-001
8.25000e+000	7.75000e-002	3.78242e-001
8.25000e+000	8.25000e-002	2.99540e-001
8.25000e+000	8.75000e-002	2.26414e-001
8.25000e+000	9.25000e-002	1.57209e-001
8.25000e+000	9.75000e-002	9.04971e-002
8.25000e+000	1.02500e-001	2.49916e-002
8.25000e+000	1.07500e-001	-4.05296e-002
8.25000e+000	1.12500e-001	-1.07288e-001
8.25000e+000	1.17500e-001	-1.76571e-001
8.25000e+000	1.22500e-001	-2.49804e-001
8.25000e+000	1.27500e-001	-3.28642e-001
8.25000e+000	1.32500e-001	-4.15091e-001
8.25000e+000	1.37500e-001	-5.11683e-001
8.25000e+000	1.42500e-001	-6.21734e-001
8.25000e+000	1.47500e-001	-7.49769e-001
8.25000e+000	1.52500e-001	-9.02207e-001
8.25000e+000	1.57500e-001	-1.08859e+000
8.25000e+000	1.62500e-001	-1.32389e+000
8.25000e+000	1.67500e-001	-1.63320e+000
8.25000e+000	1.72500e-001	-2.06234e+000
8.25000e+000	1.77500e-001	-2.70516e+000
8.25000e+000	1.82500e-001	-3.78852e+000
8.25000e+000	1.87500e-001	-6.02650e+000
8.25000e+000	1.92500e-001	-1.32656e+001
8.25000e+000	1.97500e-001	-3.80405e+001

8.75000e+000	2.50000e-003	3.32773e+003
8.75000e+000	7.50000e-003	5.20987e+001
8.75000e+000	1.25000e-002	1.91055e+001
8.75000e+000	1.75000e-002	8.32154e+000
8.75000e+000	2.25000e-002	5.13512e+000
8.75000e+000	2.75000e-002	3.64857e+000
8.75000e+000	3.25000e-002	2.78448e+000
8.75000e+000	3.75000e-002	2.21422e+000
8.75000e+000	4.25000e-002	1.80572e+000
8.75000e+000	4.75000e-002	1.49583e+000
8.75000e+000	5.25000e-002	1.25053e+000
8.75000e+000	5.75000e-002	1.04977e+000
8.75000e+000	6.25000e-002	8.80889e-001
8.75000e+000	6.75000e-002	7.35428e-001
8.75000e+000	7.25000e-002	6.07461e-001
8.75000e+000	7.75000e-002	4.92653e-001
8.75000e+000	8.25000e-002	3.87706e-001
8.75000e+000	8.75000e-002	2.90009e-001
8.75000e+000	9.25000e-002	1.97411e-001
8.75000e+000	9.75000e-002	1.08057e-001
8.75000e+000	1.02500e-001	2.02748e-002
8.75000e+000	1.07500e-001	-6.75248e-002
8.75000e+000	1.12500e-001	-1.56930e-001
8.75000e+000	1.17500e-001	-2.49613e-001
8.75000e+000	1.22500e-001	-3.47427e-001
8.75000e+000	1.27500e-001	-4.52524e-001
8.75000e+000	1.32500e-001	-5.67513e-001
8.75000e+000	1.37500e-001	-6.95688e-001
8.75000e+000	1.42500e-001	-8.41380e-001
8.75000e+000	1.47500e-001	-1.01051e+000
8.75000e+000	1.52500e-001	-1.21152e+000
8.75000e+000	1.57500e-001	-1.45706e+000
8.75000e+000	1.62500e-001	-1.76714e+000
8.75000e+000	1.67500e-001	-2.17573e+000
8.75000e+000	1.72500e-001	-2.74584e+000
8.75000e+000	1.77500e-001	-3.60933e+000
8.75000e+000	1.82500e-001	-5.09421e+000
8.75000e+000	1.87500e-001	-8.27613e+000
8.75000e+000	1.92500e-001	-1.90443e+001
8.75000e+000	1.97500e-001	-5.20372e+001

9.25000e+000	2.50000e-003	3.27798e+003
9.25000e+000	7.50000e-003	6.50267e+001
9.25000e+000	1.25000e-002	2.66841e+001
9.25000e+000	1.75000e-002	1.10012e+001
9.25000e+000	2.25000e-002	6.53286e+000
9.25000e+000	2.75000e-002	4.55999e+000
9.25000e+000	3.25000e-002	3.44933e+000
9.25000e+000	3.75000e-002	2.73040e+000
9.25000e+000	4.25000e-002	2.22141e+000
9.25000e+000	4.75000e-002	1.83794e+000
9.25000e+000	5.25000e-002	1.53552e+000
9.25000e+000	5.75000e-002	1.28841e+000
9.25000e+000	6.25000e-002	1.08060e+000
9.25000e+000	6.75000e-002	9.01494e-001
9.25000e+000	7.25000e-002	7.43761e-001
9.25000e+000	7.75000e-002	6.02063e-001
9.25000e+000	8.25000e-002	4.72360e-001
9.25000e+000	8.75000e-002	3.51468e-001
9.25000e+000	9.25000e-002	2.36768e-001
9.25000e+000	9.75000e-002	1.26009e-001
9.25000e+000	1.02500e-001	1.71594e-002
9.25000e+000	1.07500e-001	-9.17078e-002
9.25000e+000	1.12500e-001	-2.02520e-001
9.25000e+000	1.17500e-001	-3.17307e-001
9.25000e+000	1.22500e-001	-4.38321e-001
9.25000e+000	1.27500e-001	-5.68180e-001
9.25000e+000	1.32500e-001	-7.10068e-001
9.25000e+000	1.37500e-001	-8.68019e-001
9.25000e+000	1.42500e-001	-1.04736e+000
9.25000e+000	1.47500e-001	-1.25544e+000
9.25000e+000	1.52500e-001	-1.50283e+000
9.25000e+000	1.57500e-001	-1.80551e+000
9.25000e+000	1.62500e-001	-2.18921e+000
9.25000e+000	1.67500e-001	-2.69833e+000
9.25000e+000	1.72500e-001	-3.41716e+000
9.25000e+000	1.77500e-001	-4.52729e+000
9.25000e+000	1.82500e-001	-6.49859e+000
9.25000e+000	1.87500e-001	-1.09627e+001
9.25000e+000	1.92500e-001	-2.66328e+001
9.25000e+000	1.97500e-001	-6.49840e+001

9.75000e+000	2.50000e-003	3.22908e+003
9.75000e+000	7.50000e-003	7.46316e+001
9.75000e+000	1.25000e-002	3.68360e+001
9.75000e+000	1.75000e-002	1.42559e+001
9.75000e+000	2.25000e-002	8.01806e+000
9.75000e+000	2.75000e-002	5.46625e+000
9.75000e+000	3.25000e-002	4.08637e+000
9.75000e+000	3.75000e-002	3.21450e+000
9.75000e+000	4.25000e-002	2.60649e+000
9.75000e+000	4.75000e-002	2.15275e+000
9.75000e+000	5.25000e-002	1.79695e+000
9.75000e+000	5.75000e-002	1.50714e+000
9.75000e+000	6.25000e-002	1.26374e+000
9.75000e+000	6.75000e-002	1.05401e+000
9.75000e+000	7.25000e-002	8.69195e-001
9.75000e+000	7.75000e-002	7.03002e-001
9.75000e+000	8.25000e-002	5.50698e-001
9.75000e+000	8.75000e-002	4.08576e-001
9.75000e+000	9.25000e-002	2.73600e-001
9.75000e+000	9.75000e-002	1.43168e-001
9.75000e+000	1.02500e-001	1.49377e-002
9.75000e+000	1.07500e-001	-1.13310e-001
9.75000e+000	1.12500e-001	-2.43796e-001
9.75000e+000	1.17500e-001	-3.78860e-001
9.75000e+000	1.22500e-001	-5.21105e-001
9.75000e+000	1.27500e-001	-6.73566e-001
9.75000e+000	1.32500e-001	-8.39948e-001
9.75000e+000	1.37500e-001	-1.02498e+000
9.75000e+000	1.42500e-001	-1.23496e+000
9.75000e+000	1.47500e-001	-1.47862e+000
9.75000e+000	1.52500e-001	-1.76871e+000
9.75000e+000	1.57500e-001	-2.12477e+000
9.75000e+000	1.62500e-001	-2.57873e+000
9.75000e+000	1.67500e-001	-3.18684e+000
9.75000e+000	1.72500e-001	-4.05861e+000
9.75000e+000	1.77500e-001	-5.43789e+000
9.75000e+000	1.82500e-001	-7.98802e+000
9.75000e+000	1.87500e-001	-1.42214e+001
9.75000e+000	1.92500e-001	-3.67913e+001
9.75000e+000	1.97500e-001	-7.46013e+001

