0.00000e+000	5.00000e-003	6.51557e-001	0.00000e+000	0.00000e+000	2.73000e+002	1.00000e+000	2.00000e-005	2.46792e-005	1.06667e-003	8.17762e-004	1.00000e+000	1.00000e+000	-1.#IND0e+000	-1.#IND0e+000	5.00000e+000	5.00000e+000	1.45220e-004
0.00000e+000	1.50000e-002	7.62397e-001	0.00000e+000	0.00000e+000	2.73000e+002	1.00000e+000	2.00000e-005	2.46792e-005	1.06667e-003	8.17762e-004	1.00000e+000	1.00000e+000	-1.#IND0e+000	-1.#IND0e+000	5.00000e+000	5.00000e+000	1.45220e-004
0.00000e+000	2.50000e-002	8.20173e-001	0.00000e+000	0.00000e+000	2.73000e+002	1.00000e+000	2.00000e-005	2.46792e-005	1.06667e-003	8.17762e-004	1.00000e+000	1.00000e+000	-1.#IND0e+000	-1.#IND0e+000	5.00000e+000	5.00000e+000	1.45220e-004
0.00000e+000	3.50000e-002	8.60601e-001	0.00000e+000	0.00000e+000	2.73000e+002	1.00000e+000	2.00000e-005	2.46792e-005	1.06667e-003	8.17762e-004	1.00000e+000	1.00000e+000	-1.#IND0e+000	-1.#IND0e+000	5.00000e+000	5.00000e+000	1.45220e-004
0.00000e+000	4.50000e-002	8.92091e-001	0.00000e+000	0.00000e+000	2.73000e+002	1.00000e+000	2.00000e-005	2.46792e-005	1.06667e-003	8.17762e-004	1.00000e+000	1.00000e+000	-1.#IND0e+000	-1.#IND0e+000	5.00000e+000	5.00000e+000	1.45220e-004
0.00000e+000	5.50000e-002	9.18062e-001	0.00000e+000	0.00000e+000	2.73000e+002	1.00000e+000	2.00000e-005	2.46792e-005	1.06667e-003	8.17762e-004	1.00000e+000	1.00000e+000	-1.#IND0e+000	-1.#IND0e+000	5.00000e+000	5.00000e+000	1.45220e-004
0.00000e+000	6.50000e-002	9.40257e-001	0.00000e+000	0.00000e+000	2.73000e+002	1.00000e+000	2.00000e-005	2.46792e-005	1.06667e-003	8.17762e-004	1.00000e+000	1.00000e+000	-1.#IND0e+000	-1.#IND0e+000	5.00000e+000	5.00000e+000	1.45220e-004
0.00000e+000	7.50000e-002	9.59696e-001	0.00000e+000	0.00000e+000	2.73000e+002	1.00000e+000	2.00000e-005	2.46792e-005	1.06667e-003	8.17762e-004	1.00000e+000	1.00000e+000	-1.#IND0e+000	-1.#IND0e+000	5.00000e+000	5.00000e+000	1.45220e-004
0.00000e+000	8.50000e-002	9.77028e-001	0.00000e+000	0.00000e+000	2.73000e+002	1.00000e+000	2.00000e-005	2.46792e-005	1.06667e-003	8.17762e-004	1.00000e+000	1.00000e+000	-1.#IND0e+000	-1.#IND0e+000	5.00000e+000	5.00000e+000	1.45220e-004
0.00000e+000	9.50000e-002	9.92692e-001	0.00000e+000	0.00000e+000	2.73000e+002	1.00000e+000	2.00000e-005	2.46792e-005	1.06667e-003	8.17762e-004	1.00000e+000	1.00000e+000	-1.#IND0e+000	-1.#IND0e+000	5.00000e+000	5.00000e+000	1.45220e-004
0.00000e+000	1.05000e-001	9.92692e-001	0.00000e+000	0.00000e+000	2.73000e+002	1.00000e+000	2.00000e-005	2.46792e-005	1.06667e-003	8.17762e-004	1.00000e+000	1.00000e+000	-1.#IND0e+000	-1.#IND0e+000	5.00000e+000	5.00000e+000	1.45220e-004
0.00000e+000	1.15000e-001	9.77028e-001	0.00000e+000	0.00000e+000	2.73000e+002	1.00000e+000	2.00000e-005	2.46792e-005	1.06667e-003	8.17762e-004	1.00000e+000	1.00000e+000	-1.#IND0e+000	-1.#IND0e+000	5.00000e+000	5.00000e+000	1.45220e-004
0.00000e+000	1.25000e-001	9.59696e-001	0.00000e+000	0.00000e+000	2.73000e+002	1.00000e+000	2.00000e-005	2.46792e-005	1.06667e-003	8.17762e-004	1.00000e+000	1.00000e+000	-1.#IND0e+000	-1.#IND0e+000	5.00000e+000	5.00000e+000	1.45220e-004
0.00000e+000	1.35000e-001	9.40257e-001	0.00000e+000	0.00000e+000	2.73000e+002	1.00000e+000	2.00000e-005	2.46792e-005	1.06667e-003	8.17762e-004	1.00000e+000	1.00000e+000	-1.#IND0e+000	-1.#IND0e+000	5.00000e+000	5.00000e+000	1.45220e-004
0.00000e+000	1.45000e-001	9.18062e-001	0.00000e+000	0.00000e+000	2.73000e+002	1.00000e+000	2.00000e-005	2.46792e-005	1.06667e-003	8.17762e-004	1.00000e+000	1.00000e+000	-1.#IND0e+000	-1.#IND0e+000	5.00000e+000	5.00000e+000	1.45220e-004
0.00000e+000	1.55000e-001	8.92091e-001	0.00000e+000	0.00000e+000	2.73000e+002	1.00000e+000	2.00000e-005	2.46792e-005	1.06667e-003	8.17762e-004	1.00000e+000	1.00000e+000	-1.#IND0e+000	-1.#IND0e+000	5.00000e+000	5.00000e+000	1.45220e-004
0.00000e+000	1.65000e-001	8.60601e-001	0.00000e+000	0.00000e+000	2.73000e+002	1.00000e+000	2.00000e-005	2.46792e-005	1.06667e-003	8.17762e-004	1.00000e+000	1.00000e+000	-1.#IND0e+000	-1.#IND0e+000	5.00000e+000	5.00000e+000	1.45220e-004
0.00000e+000	1.75000e-001	8.20173e-001	0.00000e+000	0.00000e+000	2.73000e+002	1.00000e+000	2.00000e-005	2.46792e-005	1.06667e-003	8.17762e-004	1.00000e+000	1.00000e+000	-1.#IND0e+000	-1.#IND0e+000	5.00000e+000	5.00000e+000	1.45220e-004
0.00000e+000	1.85000e-001	7.62397e-001	0.00000e+000	0.00000e+000	2.73000e+002	1.00000e+000	2.00000e-005	2.46792e-005	1.06667e-003	8.17762e-004	1.00000e+000	1.00000e+000	-1.#IND0e+000	-1.#IND0e+000	5.00000e+000	5.00000e+000	1.45220e-004
0.00000e+000	1.95000e-001	6.51557e-001	0.00000e+000	0.00000e+000	2.73000e+002	1.00000e+000	2.00000e-005	2.46792e-005	1.06667e-003	8.17762e-004	1.00000e+000	1.00000e+000	-1.#IND0e+000	-1.#IND0e+000	5.00000e+000	5.00000e+000	1.45220e-004

5.00000e-001	5.00000e-003	6.53507e-001	-1.94931e-005	9.17251e-001	2.73000e+002	1.00000e+000	2.00000e-005	2.46792e-005	1.13667e+000	9.51175e+001	1.00000e+000	1.00000e+000	-1.#IND0e+000	-1.#IND0e+000	5.00000e+000	5.00000e+000	1.24251e-003
5.00000e-001	1.50000e-002	7.23149e-001	3.53491e-004	1.57999e+000	2.73000e+002	1.00000e+000	2.00000e-005	2.46792e-005	1.42622e-001	5.24878e+000	1.00000e+000	1.00000e+000	-1.#IND0e+000	-1.#IND0e+000	5.00000e+000	5.00000e+000	3.68784e-004
5.00000e-001	2.50000e-002	7.85411e-001	1.09359e-003	1.67147e+000	2.73000e+002	1.00000e+000	2.00000e-005	2.46792e-005	5.31650e-003	8.24080e-002	1.00000e+000	1.00000e+000	-1.#IND0e+000	-1.#IND0e+000	5.00000e+000	5.00000e+000	5.08692e-005
5.00000e-001	3.50000e-002	8.65958e-001	1.38764e-003	1.67434e+000	2.73000e+002	1.00000e+000	2.00000e-005	2.46792e-005	9.94385e-004	3.98565e-003	1.00000e+000	1.00000e+000	-1.#IND0e+000	-1.#IND0e+000	5.00000e+000	5.00000e+000	4.23281e-005
5.00000e-001	4.50000e-002	9.05588e-001	1.19910e-003	1.67367e+000	2.73000e+002	1.00000e+000	2.00000e-005	2.46792e-005	1.97167e-003	2.15753e-003	1.00000e+000	1.00000e+000	-1.#IND0e+000	-1.#IND0e+000	5.00000e+000	5.00000e+000	1.82164e-004
5.00000e-001	5.50000e-002	9.31625e-001	9.28499e-004	1.67379e+000	2.73000e+002	1.00000e+000	2.00000e-005	2.46792e-005	1.77006e-003	1.48896e-003	1.00000e+000	1.00000e+000	-1.#IND0e+000	-1.#IND0e+000	5.00000e+000	5.00000e+000	2.09381e-004
5.00000e-001	6.50000e-002	9.53107e-001	6.64370e-004	1.67392e+000	2.73000e+002	1.00000e+000	2.00000e-005	2.46792e-005	1.56427e-003	1.12178e-003	1.00000e+000	1.00000e+000	-1.#IND0e+000	-1.#IND0e+000	5.00000e+000	5.00000e+000	2.16317e-004
5.00000e-001	7.50000e-002	9.71468e-001	4.18157e-004	1.67405e+000	2.73000e+002	1.00000e+000	2.00000e-005	2.46792e-005	1.36046e-003	8.79904e-004	1.00000e+000	1.00000e+000	-1.#IND0e+000	-1.#IND0e+000	5.00000e+000	5.00000e+000	2.09311e-004
5.00000e-001	8.50000e-002	9.87063e-001	2.00093e-004	1.67418e+000	2.73000e+002	1.00000e+000	2.00000e-005	2.46792e-005	1.17000e-003	7.03673e-004	1.00000e+000	1.00000e+000	-1.#IND0e+000	-1.#IND0e+000	5.00000e+000	5.00000e+000	1.95082e-004
5.00000e-001	9.50000e-002	9.99298e-001	3.36813e-005	1.67428e+000	2.73000e+002	1.00000e+000	2.00000e-005	2.46792e-005	1.01558e-003	5.74321e-004	1.00000e+000	1.00000e+000	-1.#IND0e+000	-1.#IND0e+000	5.00000e+000	5.00000e+000	1.81626e-004
5.00000e-001	1.05000e-001	9.99202e-001	-9.74817e-005	1.67428e+000	2.73000e+002	1.00000e+000	2.00000e-005	2.46792e-005	1.01692e-003	5.75462e-004	1.00000e+000	1.00000e+000	-1.#IND0e+000	-1.#IND0e+000	5.00000e+000	5.00000e+000	1.81734e-004
5.00000e-001	1.15000e-001	9.86829e-001	-2.60598e-004	1.67418e+000	2.73000e+002	1.00000e+000	2.00000e-005	2.46792e-005	1.17244e-003	7.05923e-004	1.00000e+000	1.00000e+000	-1.#IND0e+000	-1.#IND0e+000	5.00000e+000	5.00000e+000	1.95255e-004
5.00000e-001	1.25000e-001	9.71176e-001	-4.73410e-004	1.67405e+000	2.73000e+002	1.00000e+000	2.00000e-005	2.46792e-005	1.36141e-003	8.81029e-004	1.00000e+000	1.00000e+000	-1.#IND0e+000	-1.#IND0e+000	5.00000e+000	5.00000e+000	2.09334e-004
5.00000e-001	1.35000e-001	9.52801e-001	-7.13647e-004	1.67392e+000	2.73000e+002	1.00000e+000	2.00000e-005	2.46792e-005	1.56220e-003	1.12019e-003	1.00000e+000	1.00000e+000	-1.#IND0e+000	-1.#IND0e+000	5.00000e+000	5.00000e+000	2.16076e-004
5.00000e-001	1.45000e-001	9.31337e-001	-9.71843e-004	1.67380e+000	2.73000e+002	1.00000e+000	2.00000e-005	2.46792e-005	1.76409e-003	1.48335e-003	1.00000e+000	1.00000e+000	-1.#IND0e+000	-1.#IND0e+000	5.00000e+000	5.00000e+000	2.08817e-004
5.00000e-001	1.55000e-001	9.05378e-001	-1.23747e-003	1.67367e+000	2.73000e+002	1.00000e+000	2.00000e-005	2.46792e-005	1.96365e-003	2.15094e-003	1.00000e+000	1.00000e+000	-1.#IND0e+000	-1.#IND0e+000	5.00000e+000	5.00000e+000	1.81340e-004
5.00000e-001	1.65000e-001	8.65735e-001	-1.42167e-003	1.67434e+000	2.73000e+002	1.00000e+000	2.00000e-005	2.46792e-005	9.93236e-004	4.00388e-003	1.00000e+000	1.00000e+000	-1.#IND0e+000	-1.#IND0e+000	5.00000e+000	5.00000e+000	4.21751e-005
5.00000e-001	1.75000e-001	7.84720e-001	-1.11849e-003	1.67146e+000	2.73000e+002	1.00000e+000	2.00000e-005	2.46792e-005	5.34161e-003	8.28183e-002	1.00000e+000	1.00000e+000	-1.#IND0e+000	-1.#IND0e+000	5.00000e+000	5.00000e+000	5.10071e-005
5.00000e-001	1.85000e-001	7.22684e-001	-3.66838e-004	1.58004e+000	2.73000e+002	1.00000e+000	2.00000e-005	2.46792e-005	1.42554e-001	5.24556e+000	1.00000e+000	1.00000e+000	-1.#IND0e+000	-1.#IND0e+000	5.00000e+000	5.00000e+000	3.68665e-004
5.00000e-001	1.95000e-001	6.53072e-001	1.51425e-005	9.17523e-001	2.73000e+002	1.00000e+000	2.00000e-005	2.46792e-005	1.13627e+000	9.50673e+001	1.00000e+000	1.00000e+000	-1.#IND0e+000	-1.#IND0e+000	5.00000e+000	5.00000e+000	1.24229e-003

1.50000e+000	5.00000e-003	6.47007e-001	8.44895e-005	8.40611e-001	2.73000e+002	1.00000e+000	2.00000e-005	2.46792e-005	1.20425e+000	1.03726e+002	1.00000e+000	1.00000e+000	-1.#IND0e+000	-1.#IND0e+000	5.00000e+000	5.00000e+000	1.27833e-003
1.50000e+000	1.50000e-002	6.74045e-001	2.67543e-004	1.53958e+000	2.73000e+002	1.00000e+000	2.00000e-005	2.46792e-005	1.55757e-001	5.89542e+000	1.00000e+000	1.00000e+000	-1.#IND0e+000	-1.#IND0e+000	5.00000e+000	5.00000e+000	3.90357e-004
1.50000e+000	2.50000e-002	7.44767e-001	4.24916e-004	1.63761e+000	2.73000e+002	1.00000e+000	2.00000e-005	2.46792e-005	8.69706e-003	1.37123e-001	1.00000e+000	1.00000e+000	-1.#IND0e+000	-1.#IND0e+000	5.00000e+000	5.00000e+000	6.96451e-005
1.50000e+000	3.50000e-002	8.75570e-001	4.41184e-004	1.64190e+000	2.73000e+002	1.00000e+000	2.00000e-005	2.46792e-005	2.27345e-003	1.07352e-002	1.00000e+000	1.00000e+000	-1.#IND0e+000	-1.#IND0e+000	5.00000e+000	5.00000e+000	6.33317e-005
1.50000e+000	4.50000e-002	9.27295e-001	3.16540e-004	1.64180e+000	2.73000e+002	1.00000e+000	2.00000e-005	2.46792e-005	2.43337e-003	3.73284e-003	1.00000e+000	1.00000e+000	-1.#IND0e+000	-1.#IND0e+000	5.00000e+000	5.00000e+000	1.62765e-004
1.50000e+000	5.50000e-002	9.54907e-001	1.37251e-004	1.64208e+000	2.73000e+002	1.00000e+000	2.00000e-005	2.46792e-005	2.02187e-003	1.97716e-003	1.00000e+000	1.00000e+000	-1.#IND0e+000	-1.#IND0e+000	5.00000e+000	5.00000e+000	2.06084e-004
1.50000e+000	6.50000e-002	9.75127e-001	-5.16410e-005	1.64230e+000	2.73000e+002	1.00000e+000	2.00000e-005	2.46792e-005	1.69807e-003	1.24818e-003	1.00000e+000	1.00000e+000	-1.#IND0e+000	-1.#IND0e+000	5.00000e+000	5.00000e+000	2.27912e-004
1.50000e+000	7.50000e-002	9.90698e-001	-2.17935e-004	1.64251e+000	2.73000e+002	1.00000e+000	2.00000e-005	2.46792e-005	1.40361e-003	8.41378e-004	1.00000e+000	1.00000e+000	-1.#IND0e+000	-1.#IND0e+000	5.00000e+000	5.00000e+000	2.30738e-004
1.50000e+000	8.50000e-002	1.00184e+000	-3.39982e-004	1.64268e+000	2.73000e+002	1.00000e+000	2.00000e-005	2.46792e-005	1.15175e-003	5.87823e-004	1.00000e+000	1.00000e+000	-1.#IND0e+000	-1.#IND0e+000	5.00000e+000	5.00000e+000	2.23100e-004
1.50000e+000	9.50000e-002	1.00791e+000	-4.07494e-004	1.64279e+000	2.73000e+002	1.00000e+000	2.00000e-005	2.46792e-005	1.00051e-003	4.58075e-004	1.00000e+000	1.00000e+000	-1.#IND0e+000	-1.#IND0e+000	5.00000e+000	5.00000e+000	2.16675e-004
1.50000e+000	1.05000e-001	1.00665e+000	-4.36968e-004	1.64278e+000	2.73000e+002	1.00000e+000	2.00000e-005	2.46792e-005	1.02613e-003	4.76144e-004	1.00000e+000	1.00000e+000	-1.#IND0e+000	-1.#IND0e+000	5.00000e+000	5.00000e+000	2.19024e-004
1.50000e+000	1.15000e-001	9.98292e-001	-4.63004e-004	1.64265e+000	2.73000e+002	1.00000e+000	2.00000e-005	2.46792e-005	1.21581e-003	6.36355e-004	1.00000e+000	1.00000e+000	-1.#IND0e+000	-1.#IND0e+000	5.00000e+000	5.00000e+000	2.29060e-004
1.50000e+000	1.25000e-001	9.85481e-001	-5.07872e-004	1.64248e+000	2.73000e+002	1.00000e+000	2.00000e-005	2.46792e-005	1.48064e-003	9.05401e-004	1.00000e+000	1.00000e+000	-1.#IND0e+000	-1.#IND0e+000	5.00000e+000	5.00000e+000	2.37920e-004
1.50000e+000	1.35000e-001	9.69040e-001	-5.73066e-004	1.64228e+000	2.73000e+002	1.00000e+000	2.00000e-005	2.46792e-005	1.77026e-003	1.31240e-003	1.00000e+000	1.00000e+000	-1.#IND0e+000	-1.#IND0e+000	5.00000e+000	5.00000e+000	2.34908e-004
1.50000e+000	1.45000e-001	9.48385e-001	-6.47731e-004	1.64207e+000	2.73000e+002	1.00000e+000	2.00000e-005	2.46792e-005	2.08022e-003	2.01910e-003	1.00000e+000	1.00000e+000	-1.#IND0e+000	-1.#IND0e+000	5.00000e+000	5.00000e+000	2.12887e-004
1.50000e+000	1.55000e-001	9.20732e-001	-7.06124e-004	1.64182e+000	2.73000e+002	1.00000e+000	2.00000e-005	2.46792e-005	2.45521e-003	3.63350e-003	1.00000e+000	1.00000e+000	-1.#IND0e+000	-1.#IND0e+000	5.00000e+000	5.00000e+000	1.69312e-004
1.50000e+000	1.65000e-001	8.70134e-001	-7.19452e-004	1.64209e+000	2.73000e+002	1.00000e+000	2.00000e-005	2.46792e-005	2.04477e-003	9.84448e-003	1.00000e+000	1.00000e+000	-1.#IND0e+000	-1.#IND0e+000	5.00000e+000	5.00000e+000	5.82244e-005
1.50000e+000	1.75000e-001	7.41325e-001	-6.32676e-004	1.63755e+000	2.73000e+002	1.00000e+000	2.00000e-005	2.46792e-005	8.82811e-003	1.39384e-001	1.00000e+000	1.00000e+000	-1.#IND0e+000	-1.#IND0e+000	5.00000e+000	5.00000e+000	7.03229e-005
1.50000e+000	1.85000e-001	6.68574e-001	-4.09264e-004	1.54004e+000	2.73000e+002	1.00000e+000	2.00000e-005	2.46792e-005	1.55128e-001	5.85801e+000	1.00000e+000	1.00000e+000	-1.#IND0e+000	-1.#IND0e+000	5.00000e+000	5.00000e+000	3.89720e-004
1.50000e+000	1.95000e-001	6.41322e-001	-1.32641e-004	8.44921e-001	2.73000e+002	1.00000e+000	2.00000e-005	2.46792e-005	1.19787e+000	1.02902e+002	1.00000e+000	1.00000e+000	-1.#IND0e+000	-1.#IND0e+000	5.00000e+000	5.00000e+000	1.27499e-003

2.50000e+000	5.00000e-003	7.56182e-001	-1.17624e-003	7.35321e-001	2.73000e+002	1.00000e+000	2.00000e-005	2.46792e-005	1.32542e+000	1.19767e+002	1.00000e+000	1.00000e+000	-1.#IND0e+000	-1.#IND0e+000	5.00000e+000	5.00000e+000	1.34011e-003
2.50000e+000	1.50000e-002	7.62474e-001	-3.33534e-003	1.50826e+000	2.73000e+002	1.00000e+000	2.00000e-005	2.46792e-005	1.66584e-001	6.56243e+000	1.00000e+000	1.00000e+000	-1.#IND0e+000	-1.#IND0e+000	5.00000e+000	5.00000e+000	4.00581e-004
2.50000e+000	2.50000e-002	7.94243e-001	-4.87175e-003	1.61503e+000	2.73000e+002	1.00000e+000	2.00000e-005	2.46792e-005	6.35610e-003	8.86523e-002	1.00000e+000	1.00000e+000	-1.#IND0e+000	-1.#IND0e+000	5.00000e+000	5.00000e+000	6.10142e-005
2.50000e+000	3.50000e-002	8.60185e-001	-5.22893e-003	1.61660e+000	2.73000e+002	1.00000e+000	2.00000e-005	2.46792e-005	3.61193e-003	1.06213e-002	1.00000e+000	1.00000e+000	-1.#IND0e+000	-1.#IND0e+000	5.00000e+000	5.00000e+000	1.30546e-004
2.50000e+000	4.50000e-002	8.84030e-001	-4.51779e-003	1.61702e+000	2.73000e+002	1.00000e+000	2.00000e-005	2.46792e-005	2.39679e-003	3.40582e-003	1.00000e+000	1.00000e+000	-1.#IND0e+000	-1.#IND0e+000	5.00000e+000	5.00000e+000	1.71804e-004
2.50000e+000	5.50000e-002	8.94987e-001	-3.30666e-003	1.61681e+000	2.73000e+002	1.00000e+000	2.00000e-005	2.46792e-005	1.88953e-003	1.67095e-003	1.00000e+000	1.00000e+000	-1.#IND0e+000	-1.#IND0e+000	5.00000e+000	5.00000e+000	2.12303e-004
2.50000e+000	6.50000e-002	9.01545e-001	-1.78275e-003	1.61626e+000	2.73000e+002	1.00000e+000	2.00000e-005	2.46792e-005	1.66121e-003	1.08446e-003	1.00000e+000	1.00000e+000	-1.#IND0e+000	-1.#IND0e+000	5.00000e+000	5.00000e+000	2.49021e-004
2.50000e+000	7.50000e-002	9.05484e-001	-2.84911e-005	1.61542e+000	2.73000e+002	1.00000e+000	2.00000e-005	2.46792e-005	1.58945e-003	8.75778e-004	1.00000e+000	1.00000e+000	-1.#IND0e+000	-1.#IND0e+000	5.00000e+000	5.00000e+000	2.79624e-004
2.50000e+000	8.50000e-002	9.20180e-001	1.76234e-003	1.61953e+000	2.73000e+002	1.00000e+000	2.00000e-005	2.46792e-005	1.55252e-003	7.75224e-004	1.00000e+000	1.00000e+000	-1.#IND0e+000	-1.#IND0e+000	5.00000e+000	5.00000e+000	2.99827e-004
2.50000e+000	9.50000e-002	9.31061e-001	3.41497e-003	1.62358e+000	2.73000e+002	1.00000e+000	2.00000e-005	2.46792e-005	1.49723e-003	6.95670e-004	1.00000e+000	1.00000e+000	-1.#IND0e+000	-1.#IND0e+000	5.00000e+000	5.00000e+000	3.10013e-004
2.50000e+000	1.05000e-001	9.38994e-001	4.88953e-003	1.62751e+000	2.73000e+002	1.00000e+000	2.00000e-005	2.46792e-005	1.50144e-003	6.91971e-004	1.00000e+000	1.00000e+000	-1.#IND0e+000	-1.#IND0e+000	5.00000e+000	5.00000e+000	3.13204e-004
2.50000e+000	1.15000e-001	9.45048e-001	6.12462e-003	1.63138e+000	2.73000e+002	1.00000e+000	2.00000e-005	2.46792e-005	1.50500e-003	7.13022e-004	1.00000e+000	1.00000e+000	-1.#IND0e+000	-1.#IND0e+000	5.00000e+000	5.00000e+000	3.05899e-004
2.50000e+000	1.25000e-001	9.42320e-001	7.13354e-003	1.63227e+000	2.73000e+002	1.00000e+000	2.00000e-005	2.46792e-005	1.54957e-003	8.02271e-004	1.00000e+000	1.00000e+000	-1.#IND0e+000	-1.#IND0e+000	5.00000e+000	5.00000e+000	2.89365e-004
2.50000e+000	1.35000e-001	9.37823e-001	7.94251e-003	1.63292e+000	2.73000e+002	1.00000e+000	2.00000e-005	2.46792e-005	1.72488e-003	1.08345e-003	1.00000e+000	1.00000e+000	-1.#IND0e+000	-1.#IND0e+000	5.00000e+000	5.00000e+000	2.67145e-004
2.50000e+000	1.45000e-001	9.31038e-001	8.50282e-003	1.63331e+000	2.73000e+002	1.00000e+000	2.00000e-005	2.46792e-005	2.05324e-003	1.74502e-003	1.00000e+000	1.00000e+000	-1.#IND0e+000	-1.#IND0e+000	5.00000e+000	5.00000e+000	2.37430e-004
2.50000e+000	1.55000e-001	9.20109e-001	8.74092e-003	1.63330e+000	2.73000e+002	1.00000e+000	2.00000e-005	2.46792e-005	2.76767e-003	3.74931e-003	1.00000e+000	1.00000e+000	-1.#IND0e+000	-1.#IND0e+000	5.00000e+000	5.00000e+000	2.03874e-004
2.50000e+000	1.65000e-001	8.97455e-001	8.48728e-003	1.63244e+000	2.73000e+002	1.00000e+000	2.00000e-005	2.46792e-005	4.55072e-003	1.17017e-002	1.00000e+000	1.00000e+000	-1.#IND0e+000	-1.#IND0e+000	5.00000e+000	5.00000e+000	1.79277e-004
2.50000e+000	1.75000e-001	8.33907e-001	7.20147e-003	1.63131e+000	2.73000e+002	1.00000e+000	2.00000e-005	2.46792e-005	6.60834e-003	8.63631e-002	1.00000e+000	1.00000e+000	-1.#IND0e+000	-1.#IND0e+000	5.00000e+000	5.00000e+000	6.55091e-005
2.50000e+000	1.85000e-001	7.99632e-001	4.74166e-003	1.52343e+000	2.73000e+002	1.00000e+000	2.00000e-005	2.46792e-005	1.68372e-001	6.72143e+000	1.00000e+000	1.00000e+000	-1.#IND0e+000	-1.#IND0e+000	5.00000e+000	5.00000e+000	3.99595e-004
2.50000e+000	1.95000e-001	7.92413e-001	1.64355e-003	7.23443e-001	2.73000e+002	1.00000e+000	2.00000e-005	2.46792e-005	1.36748e+000	1.25513e+002	1.00000e+000	1.00000e+000	-1.#IND0e+000	-1.#IND0e+000	5.00000e+000	5.00000e+000	1.36089e-003

3.50000e+000	5.00000e-003	9.30386e-001	-5.65797e-004	-6.11902e+000	2.73293e+002	1.00000e+000	2.00000e-005	2.46792e-005	9.62258e+000	2.34287e+003	1.00000e+000	1.00000e+000	-1.#IND0e+000	-1.#IND0e+000	5.00000e+000	5.00000e+000	3.57695e-003
3.50000e+000	1.50000e-002	9.24625e-001	-1.77025e-003	-6.20916e+000	2.74611e+002	1.00000e+000	2.00000e-005	2.46792e-005	9.75182e+000	4.49452e+002	1.00000e+000	1.00000e+000	-1.#IND0e+000	-1.#IND0e+000	5.00000e+000	5.00000e+000	1.90628e-002
3.50000e+000	2.50000e-002	9.18581e-001	-3.09873e-003	-7.33518e+000	2.79065e+002	1.00000e+000	2.00000e-005	2.46792e-005	1.14272e+001	2.29319e+002	1.00000e+000	1.00000e+000	-1.#IND0e+000	-1.#IND0e+000	5.00000e+000	5.00000e+000	5.12683e-002
3.50000e+000	3.50000e-002	9.13487e-001	-4.51795e-003	-8.06228e+000	2.92159e+002	1.00000e+000	2.00000e-005	2.46792e-005	1.24995e+001	1.54143e+002	1.00000e+000	1.00000e+000	-1.#IND0e+000	-1.#IND0e+000	5.00000e+000	5.00000e+000	9.12426e-002
3.50000e+000	4.50000e-002	9.08939e-001	-6.01119e-003	-8.60242e+000	3.24258e+002	1.00000e+000	2.00000e-005	2.46792e-005	1.32863e+001	1.13898e+002	1.00000e+000	1.00000e+000	-1.#IND0e+000	-1.#IND0e+000	5.00000e+000	5.00000e+000	1.39507e-001
3.50000e+000	5.50000e-002	9.04819e-001	-7.56974e-003	-9.02704e+000	3.87219e+002	1.00000e+000	2.00000e-005	2.46792e-005	1.38941e+001	8.82877e+001	1.00000e+000	1.00000e+000	-1.#IND0e+000	-1.#IND0e+000	5.00000e+000	5.00000e+000	1.96809e-001
3.50000e+000	6.50000e-002	9.01071e-001	-9.18724e-003	-9.37333e+000	4.99888e+002	1.00000e+000	2.00000e-005	2.46792e-005	1.43779e+001	7.04228e+001	1.00000e+000	1.00000e+000	-1.#IND0e+000	-1.#IND0e+000	5.00000e+000	5.00000e+000	2.64212e-001
3.50000e+000	7.50000e-002	8.97647e-001	-1.08584e-002	-9.66392e+000	7.00000e+002	1.00000e+000	2.00000e-005	2.46792e-005	1.47708e+001	5.72417e+001	1.60796e+001	8.57011e+001	8.57011e+001	-1.#IND0e+000	1.17515e-001	-1.06505e-003	3.43056e-001
3.50000e+000	8.50000e-002	4.16885e-001	-7.53790e-003	-8.93979e+000	7.00000e+002	1.00000e+000	2.00000e-005	2.46792e-005	1.46633e+001	4.40713e+001	1.52246e+001	5.99119e+001	5.99119e+001	-1.#IND0e+000	5.74310e-002	-7.51249e-004	4.39104e-001
3.50000e+000	9.50000e-002	4.26104e-001	8.91991e-004	-8.92557e+000	7.00000e+002	1.00000e+000	2.00000e-005	2.46792e-005	1.46601e+001	4.40571e+001	1.52487e+001	6.05196e+001	6.05196e+001	-1.#IND0e+000	5.86019e-002	1.00352e-004	4.39057e-001
3.50000e+000	1.05000e-001	4.35195e-001	9.50498e-003	-8.96357e+000	7.00000e+002	1.00000e+000	2.00000e-005	2.46792e-005	1.47380e+001	4.44085e+001	1.52750e+001	6.11901e+001	6.11901e+001	-1.#IND0e+000	5.99076e-002	9.37895e-004	4.40222e-001
3.50000e+000	1.15000e-001	9.79984e-001	1.29585e-002	-9.77566e+000	7.00000e+002	1.00000e+000	2.00000e-005	2.46792e-005	1.49276e+001	5.56852e+001	1.61831e+001	8.94947e+001	8.94947e+001	-1.#IND0e+000	1.28149e-001	1.26562e-003	3.60171e-001
3.50000e+000	1.25000e-001	9.83544e-001	1.11880e-002	-9.49214e+000	5.09010e+002	1.00000e+000	2.00000e-005	2.46792e-005	1.45426e+001	6.52670e+001	1.00000e+000	1.00000e+000	-1.#IND0e+000	-1.#IND0e+000	5.00000e+000	5.00000e+000	2.91649e-001
3.50000e+000	1.35000e-001	9.87332e-001	9.47168e-003	-9.16754e+000	3.98842e+002	1.00000e+000	2.00000e-005	2.46792e-005	1.40905e+001	7.75848e+001	1.00000e+000	1.00000e+000	-1.#IND0e+000	-1.#IND0e+000	5.00000e+000	5.00000e+000	2.30333e-001
3.50000e+000	1.45000e-001	9.91380e-001	7.81286e-003	-8.78845e+000	3.34236e+002	1.00000e+000	2.00000e-005	2.46792e-005	1.35518e+001	9.40781e+001	1.00000e+000	1.00000e+000	-1.#IND0e+000	-1.#IND0e+000	5.00000e+000	5.00000e+000	1.75709e-001
3.50000e+000	1.55000e-001	9.95716e-001	6.21526e-003	-8.33450e+000	2.99491e+002	1.00000e+000	2.00000e-005	2.46792e-005	1.28962e+001	1.17533e+002	1.00000e+000	1.00000e+000	-1.#IND0e+000	-1.#IND0e+000	5.00000e+000	5.00000e+000	1.27372e-001
3.50000e+000	1.65000e-001	1.00038e+000	4.68355e-003	-7.77176e+000	2.82566e+002	1.00000e+000	2.00000e-005	2.46792e-005	1.20732e+001	1.54278e+002	1.00000e+000	1.00000e+000	-1.#IND0e+000	-1.#IND0e+000	5.00000e+000	5.00000e+000	8.50528e-002
3.50000e+000	1.75000e-001	1.00547e+000	3.22443e-003	-7.03418e+000	2.75888e+002	1.00000e+000	2.00000e-005	2.46792e-005	1.09840e+001	2.23100e+002	1.00000e+000	1.00000e+000	-1.#IND0e+000	-1.#IND0e+000	5.00000e+000	5.00000e+000	4.86904e-002
3.50000e+000	1.85000e-001	1.01130e+000	1.85195e-003	-5.92176e+000	2.73730e+002	1.00000e+000	2.00000e-005	2.46792e-005	9.32864e+000	4.26481e+002	1.00000e+000	1.00000e+000	-1.#IND0e+000	-1.#IND0e+000	5.00000e+000	5.00000e+000	1.83845e-002
3.50000e+000	1.95000e-001	1.01626e+000	5.94928e-004	-5.84333e+000	2.73127e+002	1.00000e+000	2.00000e-005	2.46792e-005	9.21696e+000	2.19630e+003	1.00000e+000	1.00000e+000	-1.#IND0e+000	-1.#IND0e+000	5.00000e+000	5.00000e+000	3.50118e-003

4.50000e+000	5.00000e-003	1.00816e+000	-2.11955e-004	-1.29823e+000	2.73615e+002	1.00000e+000	2.00000e-005	2.46792e-005	1.79149e+000	1.88205e+002	1.00000e+000	1.00000e+000	-1.#IND0e+000	-1.#IND0e+000	5.00000e+000	5.00000e+000	1.55475e-003
4.50000e+000	1.50000e-002	1.00007e+000	-5.39675e-004	-6.28630e-001	2.75934e+002	1.00000e+000	2.00000e-005	2.46792e-005	7.86966e-001	2.95472e+001	1.00000e+000	1.00000e+000	-1.#IND0e+000	-1.#IND0e+000	5.00000e+000	5.00000e+000	1.90641e-003
4.50000e+000	2.50000e-002	9.92519e-001	-7.05001e-004	-7.16245e-001	2.82477e+002	1.00000e+000	2.00000e-005	2.46792e-005	9.17952e-001	1.35556e+001	1.00000e+000	1.00000e+000	-1.#IND0e+000	-1.#IND0e+000	5.00000e+000	5.00000e+000	5.61452e-003
4.50000e+000	3.50000e-002	9.86396e-001	-7.54241e-004	-7.82575e-001	2.99224e+002	1.00000e+000	2.00000e-005	2.46792e-005	1.01700e+000	1.02615e+001	1.00000e+000	1.00000e+000	-1.#IND0e+000	-1.#IND0e+000	5.00000e+000	5.00000e+000	9.09138e-003
4.50000e+000	4.50000e-002	9.81087e-001	-7.11575e-004	-8.20411e-001	3.35988e+002	1.00000e+000	2.00000e-005	2.46792e-005	1.07322e+000	8.76176e+000	1.00000e+000	1.00000e+000	-1.#IND0e+000	-1.#IND0e+000	5.00000e+000	5.00000e+000	1.18512e-002
4.50000e+000	5.50000e-002	9.76365e-001	-5.89972e-004	-8.33980e-001	4.04584e+002	1.00000e+000	2.00000e-005	2.46792e-005	1.09287e+000	7.89157e+000	1.00000e+000	1.00000e+000	-1.#IND0e+000	-1.#IND0e+000	5.00000e+000	5.00000e+000	1.36411e-002
4.50000e+000	6.50000e-002	9.72114e-001	-3.98359e-004	-8.23914e-001	5.20995e+002	1.00000e+000	2.00000e-005	2.46792e-005	1.07678e+000	7.38049e+000	1.00000e+000	1.00000e+000	-1.#IND0e+000	-1.#IND0e+000	5.00000e+000	5.00000e+000	1.41589e-002
4.50000e+000	7.50000e-002	9.68183e-001	-1.43002e-004	-2.05550e-001	7.00000e+002	1.00000e+000	2.00000e-005	2.46792e-005	1.46812e-001	4.41523e+000	1.36153e+001	3.05405e+001	3.05405e+001	-1.#IND0e+000	1.49235e-002	-5.72008e-009	4.59350e-004
4.50000e+000	8.50000e-002	1.05879e-022	1.25298e-030	-1.80913e+003	7.00000e+002	1.00000e+000	2.00000e-005	2.46792e-005	8.51328e-054	2.47729e-053	1.62695e-010	1.62695e-010	1.62695e-010	-1.#IND0e+000	4.23517e-025	5.01190e-035	2.00000e-005
4.50000e+000	9.50000e-002	-2.06795e-025	1.02373e-028	-2.60211e+000	7.00000e+002	1.00000e+000	2.00000e-005	2.46792e-005	8.27870e-056	2.40769e-055	7.19019e-012	7.19019e-012	7.19019e-012	-1.#IND0e+000	-8.27181e-028	4.09491e-033	2.00000e-005
4.50000e+000	1.05000e-001	1.05879e-022	-1.23618e-030	-2.01386e+003	7.00000e+002	1.00000e+000	2.00000e-005	2.46792e-005	7.37950e-054	2.15279e-053	1.62695e-010	1.62695e-010	1.62695e-010	-1.#IND0e+000	4.23517e-025	-4.94474e-035	2.00000e-005
4.50000e+000	1.15000e-001	1.05388e+000	1.59466e-004	-2.49954e-001	7.00000e+002	1.00000e+000	2.00000e-005	2.46792e-005	1.60772e-001	5.05966e+000	1.37583e+001	3.24254e+001	3.24254e+001	-1.#IND0e+000	1.68225e-002	6.37866e-009	4.79770e-004
4.50000e+000	1.25000e-001	1.05795e+000	4.46989e-004	-9.78070e-001	5.27904e+002	1.00000e+000	2.00000e-005	2.46792e-005	1.25600e+000	7.87379e+000	1.00000e+000	1.00000e+000	-1.#IND0e+000	-1.#IND0e+000	5.00000e+000	5.00000e+000	1.80518e-002
4.50000e+000	1.35000e-001	1.06223e+000	6.70322e-004	-9.90297e-001	4.14505e+002	1.00000e+000	2.00000e-005	2.46792e-005	1.27545e+000	8.25696e+000	1.00000e+000	1.00000e+000	-1.#IND0e+000	-1.#IND0e+000	5.00000e+000	5.00000e+000	1.77516e-002
4.50000e+000	1.45000e-001	1.06685e+000	8.25523e-004	-9.81833e-001	3.45264e+002	1.00000e+000	2.00000e-005	2.46792e-005	1.26357e+000	8.87901e+000	1.00000e+000	1.00000e+000	-1.#IND0e+000	-1.#IND0e+000	5.00000e+000	5.00000e+000	1.62037e-002
4.50000e+000	1.55000e-001	1.07188e+000	9.06757e-004	-9.52917e-001	3.06313e+002	1.00000e+000	2.00000e-005	2.46792e-005	1.22082e+000	9.83930e+000	1.00000e+000	1.00000e+000	-1.#IND0e+000	-1.#IND0e+000	5.00000e+000	5.00000e+000	1.36527e-002
4.50000e+000	1.65000e-001	1.07744e+000	9.06264e-004	-9.01127e-001	2.86355e+002	1.00000e+000	2.00000e-005	2.46792e-005	1.14363e+000	1.14580e+001	1.00000e+000	1.00000e+000	-1.#IND0e+000	-1.#IND0e+000	5.00000e+000	5.00000e+000	1.02932e-002
4.50000e+000	1.75000e-001	1.08372e+000	8.12389e-004	-8.20830e-001	2.77615e+002	1.00000e+000	2.00000e-005	2.46792e-005	1.02365e+000	1.50056e+001	1.00000e+000	1.00000e+000	-1.#IND0e+000	-1.#IND0e+000	5.00000e+000	5.00000e+000	6.30476e-003
4.50000e+000	1.85000e-001	1.09130e+000	6.02440e-004	-7.11153e-001	2.74361e+002	1.00000e+000	2.00000e-005	2.46792e-005	8.59617e-001	3.22356e+001	1.00000e+000	1.00000e+000	-1.#IND0e+000	-1.#IND0e+000	5.00000e+000	5.00000e+000	2.08309e-003
4.50000e+000	1.95000e-001	1.09898e+000	2.32283e-004	-1.38543e+000	2.73274e+002	1.00000e+000	2.00000e-005	2.46792e-005	1.87117e+000	2.00899e+002	1.00000e+000	1.00000e+000	-1.#IND0e+000	-1.#IND0e+000	5.00000e+000	5.00000e+000	1.58853e-003

5.50000e+000	5.00000e-003	9.52992e-001	7.63645e-004	-7.67148e+000	2.73655e+002	1.00000e+000	2.00000e-005	2.46792e-005	8.99199e+000	2.11637e+003	1.00000e+000	1.00000e+000	-1.#IND0e+000	-1.#IND0e+000	5.00000e+000	5.00000e+000	3.45844e-003
5.50000e+000	1.50000e-002	9.45016e-001	2.19356e-003	-7.74527e+000	2.75788e+002	1.00000e+000	2.00000e-005	2.46792e-005	9.10858e+000	4.06855e+002	1.00000e+000	1.00000e+000	-1.#IND0e+000	-1.#IND0e+000	5.00000e+000	5.00000e+000	1.83729e-002
5.50000e+000	2.50000e-002	9.37658e-001	3.45801e-003	-8.78923e+000	2.80998e+002	1.00000e+000	2.00000e-005	2.46792e-005	1.06853e+001	2.07567e+002	1.00000e+000	1.00000e+000	-1.#IND0e+000	-1.#IND0e+000	5.00000e+000	5.00000e+000	4.95257e-002
5.50000e+000	3.50000e-002	9.31700e-001	4.60282e-003	-9.45419e+000	2.93524e+002	1.00000e+000	2.00000e-005	2.46792e-005	1.16944e+001	1.39585e+002	1.00000e+000	1.00000e+000	-1.#IND0e+000	-1.#IND0e+000	5.00000e+000	5.00000e+000	8.81977e-002
5.50000e+000	4.50000e-002	9.26530e-001	5.65268e-003	-9.93992e+000	3.21338e+002	1.00000e+000	2.00000e-005	2.46792e-005	1.24355e+001	1.03186e+002	1.00000e+000	1.00000e+000	-1.#IND0e+000	-1.#IND0e+000	5.00000e+000	5.00000e+000	1.34900e-001
5.50000e+000	5.50000e-002	9.21924e-001	6.62106e-003	-1.03131e+001	3.72241e+002	1.00000e+000	2.00000e-005	2.46792e-005	1.30086e+001	8.00157e+001	1.00000e+000	1.00000e+000	-1.#IND0e+000	-1.#IND0e+000	5.00000e+000	5.00000e+000	1.90360e-001
5.50000e+000	6.50000e-002	9.17767e-001	7.51733e-003	-1.06083e+001	4.57858e+002	1.00000e+000	2.00000e-005	2.46792e-005	1.34654e+001	6.38463e+001	1.00000e+000	1.00000e+000	-1.#IND0e+000	-1.#IND0e+000	5.00000e+000	5.00000e+000	2.55611e-001
5.50000e+000	7.50000e-002	9.13917e-001	8.34810e-003	-1.08459e+001	7.00000e+002	1.00000e+000	2.00000e-005	2.46792e-005	1.38368e+001	5.19113e+001	1.60633e+001	8.51169e+001	8.51169e+001	-1.#IND0e+000	1.15918e-001	8.05050e-004	3.31955e-001
5.50000e+000	8.50000e-002	4.36651e-001	4.38125e-003	-1.13942e+001	7.00000e+002	1.00000e+000	2.00000e-005	2.46792e-005	1.37370e+001	3.99618e+001	1.04481e+001	1.04481e+001	1.04481e+001	-1.#IND0e+000	1.74660e-003	4.36090e-004	4.25011e-001
5.50000e+000	9.50000e-002	4.36629e-001	-4.35156e-003	-1.13891e+001	7.00000e+002	1.00000e+000	2.00000e-005	2.46792e-005	1.37297e+001	3.99301e+001	1.04478e+001	1.04478e+001	1.04478e+001	-1.#IND0e+000	1.74652e-003	-4.33190e-004	4.24899e-001
5.50000e+000	1.05000e-001	4.36870e-001	-1.30866e-002	-1.14400e+001	7.00000e+002	1.00000e+000	2.00000e-005	2.46792e-005	1.38026e+001	4.02485e+001	1.04507e+001	1.04507e+001	1.04507e+001	-1.#IND0e+000	1.74748e-003	-1.23090e-003	4.26025e-001
5.50000e+000	1.15000e-001	9.56397e-001	-1.66399e-002	-1.09001e+001	7.00000e+002	1.00000e+000	2.00000e-005	2.46792e-005	1.39786e+001	5.04803e+001	1.61194e+001	8.71426e+001	8.71426e+001	-1.#IND0e+000	1.21501e-001	-1.55501e-003	3.48397e-001
5.50000e+000	1.25000e-001	9.60593e-001	-1.49790e-002	-1.06761e+001	4.33513e+002	1.00000e+000	2.00000e-005	2.46792e-005	1.36141e+001	5.91533e+001	1.00000e+000	1.00000e+000	-1.#IND0e+000	-1.#IND0e+000	5.00000e+000	5.00000e+000	2.82015e-001
5.50000e+000	1.35000e-001	9.64989e-001	-1.32564e-002	-1.04090e+001	3.63717e+002	1.00000e+000	2.00000e-005	2.46792e-005	1.31866e+001	7.02956e+001	1.00000e+000	1.00000e+000	-1.#IND0e+000	-1.#IND0e+000	5.00000e+000	5.00000e+000	2.22650e-001
5.50000e+000	1.45000e-001	9.69719e-001	-1.14680e-002	-1.00866e+001	3.20540e+002	1.00000e+000	2.00000e-005	2.46792e-005	1.26778e+001	8.52050e+001	1.00000e+000	1.00000e+000	-1.#IND0e+000	-1.#IND0e+000	5.00000e+000	5.00000e+000	1.69792e-001
5.50000e+000	1.55000e-001	9.74849e-001	-9.60757e-003	-9.68991e+000	2.95704e+002	1.00000e+000	2.00000e-005	2.46792e-005	1.20594e+001	1.06394e+002	1.00000e+000	1.00000e+000	-1.#IND0e+000	-1.#IND0e+000	5.00000e+000	5.00000e+000	1.23039e-001
5.50000e+000	1.65000e-001	9.80495e-001	-7.66731e-003	-9.18740e+000	2.82606e+002	1.00000e+000	2.00000e-005	2.46792e-005	1.12838e+001	1.39569e+002	1.00000e+000	1.00000e+000	-1.#IND0e+000	-1.#IND0e+000	5.00000e+000	5.00000e+000	8.21245e-002
5.50000e+000	1.75000e-001	9.86882e-001	-5.63568e-003	-8.51712e+000	2.76549e+002	1.00000e+000	2.00000e-005	2.46792e-005	1.02585e+001	2.01684e+002	1.00000e+000	1.00000e+000	-1.#IND0e+000	-1.#IND0e+000	5.00000e+000	5.00000e+000	4.69813e-002
5.50000e+000	1.85000e-001	9.94647e-001	-3.49091e-003	-7.49019e+000	2.74114e+002	1.00000e+000	2.00000e-005	2.46792e-005	8.70026e+000	3.85415e+002	1.00000e+000	1.00000e+000	-1.#IND0e+000	-1.#IND0e+000	5.00000e+000	5.00000e+000	1.76958e-002
5.50000e+000	1.95000e-001	1.00288e+000	-1.19328e-003	-7.42782e+000	2.73258e+002	1.00000e+000	2.00000e-005	2.46792e-005	8.59730e+000	1.97857e+003	1.00000e+000	1.00000e+000	-1.#IND0e+000	-1.#IND0e+000	5.00000e+000	5.00000e+000	3.38214e-003

6.50000e+000	5.00000e-003	8.62803e-001	1.38254e-004	-2.88299e+000	2.73881e+002	1.00000e+000	2.00000e-005	2.46792e-005	1.67117e+000	1.69567e+002	1.00000e+000	1.00000e+000	-1.#IND0e+000	-1.#IND0e+000	5.00000e+000	5.00000e+000	1.50233e-003
6.50000e+000	1.50000e-002	8.73381e-001	3.26589e-004	-2.36249e+000	2.76594e+002	1.00000e+000	2.00000e-005	2.46792e-005	8.90415e-001	2.95282e+001	1.00000e+000	1.00000e+000	-1.#IND0e+000	-1.#IND0e+000	5.00000e+000	5.00000e+000	2.43652e-003
6.50000e+000	2.50000e-002	8.77061e-001	3.84465e-004	-2.50639e+000	2.82796e+002	1.00000e+000	2.00000e-005	2.46792e-005	1.10631e+000	1.42364e+001	1.00000e+000	1.00000e+000	-1.#IND0e+000	-1.#IND0e+000	5.00000e+000	5.00000e+000	7.75740e-003
6.50000e+000	3.50000e-002	8.78282e-001	3.79806e-004	-2.60131e+000	2.96981e+002	1.00000e+000	2.00000e-005	2.46792e-005	1.24869e+000	1.08576e+001	1.00000e+000	1.00000e+000	-1.#IND0e+000	-1.#IND0e+000	5.00000e+000	5.00000e+000	1.29447e-002
6.50000e+000	4.50000e-002	8.78766e-001	3.41768e-004	-2.67031e+000	3.26762e+002	1.00000e+000	2.00000e-005	2.46792e-005	1.35218e+000	9.26471e+000	1.00000e+000	1.00000e+000	-1.#IND0e+000	-1.#IND0e+000	5.00000e+000	5.00000e+000	1.77814e-002
6.50000e+000	5.50000e-002	8.78934e-001	2.80931e-004	-2.72122e+000	3.81474e+002	1.00000e+000	2.00000e-005	2.46792e-005	1.42856e+000	8.31537e+000	1.00000e+000	1.00000e+000	-1.#IND0e+000	-1.#IND0e+000	5.00000e+000	5.00000e+000	2.21080e-002
6.50000e+000	6.50000e-002	8.78936e-001	2.02873e-004	-2.75824e+000	4.77166e+002	1.00000e+000	2.00000e-005	2.46792e-005	1.48414e+000	7.69423e+000	1.00000e+000	1.00000e+000	-1.#IND0e+000	-1.#IND0e+000	5.00000e+000	5.00000e+000	2.57847e-002
6.50000e+000	7.50000e-002	8.78837e-001	1.11216e-004	-2.78381e+000	6.51696e+002	1.00000e+000	2.00000e-005	2.46792e-005	1.52260e+000	7.28132e+000	1.00000e+000	1.00000e+000	-1.#IND0e+000	-1.#IND0e+000	5.00000e+000	5.00000e+000	2.86751e-002
6.50000e+000	8.50000e-002	8.78675e-001	8.63983e-006	-2.79936e+000	6.90470e+002	1.00000e+000	2.00000e-005	2.46792e-005	1.54609e+000	7.02520e+000	1.00000e+000	1.00000e+000	-1.#IND0e+000	-1.#IND0e+000	5.00000e+000	5.00000e+000	3.06435e-002
6.50000e+000	9.50000e-002	8.78742e-001	-9.99212e-005	-2.80653e+000	6.96062e+002	1.00000e+000	2.00000e-005	2.46792e-005	1.55683e+000	6.91726e+000	1.00000e+000	1.00000e+000	-1.#IND0e+000	-1.#IND0e+000	5.00000e+000	5.00000e+000	3.15548e-002
6.50000e+000	1.05000e-001	8.79008e-001	-2.07431e-004	-2.80589e+000	6.87927e+002	1.00000e+000	2.00000e-005	2.46792e-005	1.55563e+000	6.93538e+000	1.00000e+000	1.00000e+000	-1.#IND0e+000	-1.#IND0e+000	5.00000e+000	5.00000e+000	3.14241e-002
6.50000e+000	1.15000e-001	8.79527e-001	-3.06761e-004	-2.79722e+000	6.40238e+002	1.00000e+000	2.00000e-005	2.46792e-005	1.54219e+000	7.08160e+000	1.00000e+000	1.00000e+000	-1.#IND0e+000	-1.#IND0e+000	5.00000e+000	5.00000e+000	3.02465e-002
6.50000e+000	1.25000e-001	8.80003e-001	-3.93028e-004	-2.77928e+000	4.55772e+002	1.00000e+000	2.00000e-005	2.46792e-005	1.51495e+000	7.34534e+000	1.00000e+000	1.00000e+000	-1.#IND0e+000	-1.#IND0e+000	5.00000e+000	5.00000e+000	2.81407e-002
6.50000e+000	1.35000e-001	8.80416e-001	-4.63986e-004	-2.75139e+000	3.70980e+002	1.00000e+000	2.00000e-005	2.46792e-005	1.47285e+000	7.74683e+000	1.00000e+000	1.00000e+000	-1.#IND0e+000	-1.#IND0e+000	5.00000e+000	5.00000e+000	2.52221e-002
6.50000e+000	1.45000e-001	8.80734e-001	-5.16865e-004	-2.71218e+000	3.24175e+002	1.00000e+000	2.00000e-005	2.46792e-005	1.41386e+000	8.33630e+000	1.00000e+000	1.00000e+000	-1.#IND0e+000	-1.#IND0e+000	5.00000e+000	5.00000e+000	2.16016e-002
6.50000e+000	1.55000e-001	8.80895e-001	-5.47889e-004	-2.65937e+000	2.97912e+002	1.00000e+000	2.00000e-005	2.46792e-005	1.33450e+000	9.22947e+000	1.00000e+000	1.00000e+000	-1.#IND0e+000	-1.#IND0e+000	5.00000e+000	5.00000e+000	1.73862e-002
6.50000e+000	1.65000e-001	8.80758e-001	-5.51234e-004	-2.58901e+000	2.83989e+002	1.00000e+000	2.00000e-005	2.46792e-005	1.22885e+000	1.07314e+001	1.00000e+000	1.00000e+000	-1.#IND0e+000	-1.#IND0e+000	5.00000e+000	5.00000e+000	1.26844e-002
6.50000e+000	1.75000e-001	8.79920e-001	-5.15886e-004	-2.49366e+000	2.77330e+002	1.00000e+000	2.00000e-005	2.46792e-005	1.08572e+000	1.39527e+001	1.00000e+000	1.00000e+000	-1.#IND0e+000	-1.#IND0e+000	5.00000e+000	5.00000e+000	7.62364e-003
6.50000e+000	1.85000e-001	8.76707e-001	-4.11636e-004	-2.35127e+000	2.74490e+002	1.00000e+000	2.00000e-005	2.46792e-005	8.71984e-001	2.87980e+001	1.00000e+000	1.00000e+000	-1.#IND0e+000	-1.#IND0e+000	5.00000e+000	5.00000e+000	2.39628e-003
6.50000e+000	1.95000e-001	8.66725e-001	-1.68293e-004	-2.86916e+000	2.73355e+002	1.00000e+000	2.00000e-005	2.46792e-005	1.64880e+000	1.66173e+002	1.00000e+000	1.00000e+000	-1.#IND0e+000	-1.#IND0e+000	5.00000e+000	5.00000e+000	1.49237e-003

7.50000e+000	5.00000e-003	8.29968e-001	1.90087e-004	-2.68047e+000	2.74103e+002	1.00000e+000	2.00000e-005	2.46792e-005	1.31586e+000	1.18474e+002	1.00000e+000	1.00000e+000	-1.#IND0e+000	-1.#IND0e+000	5.00000e+000	5.00000e+000	1.33534e-003
7.50000e+000	1.50000e-002	8.53924e-001	5.24656e-004	-1.94899e+000	2.77320e+002	1.00000e+000	2.00000e-005	2.46792e-005	2.18538e-001	8.34067e+000	1.00000e+000	1.00000e+000	-1.#IND0e+000	-1.#IND0e+000	5.00000e+000	5.00000e+000	5.35341e-004
7.50000e+000	2.50000e-002	8.73975e-001	6.92207e-004	-1.91339e+000	2.84274e+002	1.00000e+000	2.00000e-005	2.46792e-005	1.65103e-001	1.83596e+000	1.00000e+000	1.00000e+000	-1.#IND0e+000	-1.#IND0e+000	5.00000e+000	5.00000e+000	1.35625e-003
7.50000e+000	3.50000e-002	8.81605e-001	6.94498e-004	-1.93529e+000	2.99626e+002	1.00000e+000	2.00000e-005	2.46792e-005	1.97885e-001	1.18339e+000	1.00000e+000	1.00000e+000	-1.#IND0e+000	-1.#IND0e+000	5.00000e+000	5.00000e+000	2.99810e-003
7.50000e+000	4.50000e-002	8.85306e-001	6.33902e-004	-1.95164e+000	3.30861e+002	1.00000e+000	2.00000e-005	2.46792e-005	2.22341e-001	1.02741e+000	1.00000e+000	1.00000e+000	-1.#IND0e+000	-1.#IND0e+000	5.00000e+000	5.00000e+000	4.35049e-003
7.50000e+000	5.50000e-002	8.87560e-001	5.43085e-004	-1.96408e+000	3.87814e+002	1.00000e+000	2.00000e-005	2.46792e-005	2.40925e-001	9.62835e-001	1.00000e+000	1.00000e+000	-1.#IND0e+000	-1.#IND0e+000	5.00000e+000	5.00000e+000	5.44570e-003
7.50000e+000	6.50000e-002	8.89038e-001	4.33863e-004	-1.97339e+000	4.83824e+002	1.00000e+000	2.00000e-005	2.46792e-005	2.54836e-001	9.29394e-001	1.00000e+000	1.00000e+000	-1.#IND0e+000	-1.#IND0e+000	5.00000e+000	5.00000e+000	6.30875e-003
7.50000e+000	7.50000e-002	8.90016e-001	3.12704e-004	-1.98004e+000	6.23879e+002	1.00000e+000	2.00000e-005	2.46792e-005	2.64759e-001	9.10313e-001	1.00000e+000	1.00000e+000	-1.#IND0e+000	-1.#IND0e+000	5.00000e+000	5.00000e+000	6.95032e-003
7.50000e+000	8.50000e-002	8.90625e-001	1.83987e-004	-1.98430e+000	6.77714e+002	1.00000e+000	2.00000e-005	2.46792e-005	2.71111e-001	8.99573e-001	1.00000e+000	1.00000e+000	-1.#IND0e+000	-1.#IND0e+000	5.00000e+000	5.00000e+000	7.37359e-003
7.50000e+000	9.50000e-002	8.90934e-001	5.11291e-005	-1.98633e+000	6.88846e+002	1.00000e+000	2.00000e-005	2.46792e-005	2.74139e-001	8.94792e-001	1.00000e+000	1.00000e+000	-1.#IND0e+000	-1.#IND0e+000	5.00000e+000	5.00000e+000	7.57895e-003
7.50000e+000	1.05000e-001	8.90970e-001	-8.28989e-005	-1.98621e+000	6.74436e+002	1.00000e+000	2.00000e-005	2.46792e-005	2.73959e-001	8.94933e-001	1.00000e+000	1.00000e+000	-1.#IND0e+000	-1.#IND0e+000	5.00000e+000	5.00000e+000	7.56782e-003
7.50000e+000	1.15000e-001	8.90734e-001	-2.15257e-004	-1.98394e+000	6.13576e+002	1.00000e+000	2.00000e-005	2.46792e-005	2.70569e-001	8.99829e-001	1.00000e+000	1.00000e+000	-1.#IND0e+000	-1.#IND0e+000	5.00000e+000	5.00000e+000	7.34213e-003
7.50000e+000	1.25000e-001	8.90195e-001	-3.42974e-004	-1.97945e+000	4.67355e+002	1.00000e+000	2.00000e-005	2.46792e-005	2.63856e-001	9.10078e-001	1.00000e+000	1.00000e+000	-1.#IND0e+000	-1.#IND0e+000	5.00000e+000	5.00000e+000	6.90489e-003
7.50000e+000	1.35000e-001	8.89285e-001	-4.62626e-004	-1.97257e+000	3.78274e+002	1.00000e+000	2.00000e-005	2.46792e-005	2.53589e-001	9.27894e-001	1.00000e+000	1.00000e+000	-1.#IND0e+000	-1.#IND0e+000	5.00000e+000	5.00000e+000	6.25739e-003
7.50000e+000	1.45000e-001	8.87871e-001	-5.69809e-004	-1.96306e+000	3.27957e+002	1.00000e+000	2.00000e-005	2.46792e-005	2.39372e-001	9.59155e-001	1.00000e+000	1.00000e+000	-1.#IND0e+000	-1.#IND0e+000	5.00000e+000	5.00000e+000	5.39650e-003
7.50000e+000	1.55000e-001	8.85681e-001	-6.58014e-004	-1.95047e+000	3.00018e+002	1.00000e+000	2.00000e-005	2.46792e-005	2.20548e-001	1.02043e+000	1.00000e+000	1.00000e+000	-1.#IND0e+000	-1.#IND0e+000	5.00000e+000	5.00000e+000	4.31010e-003
7.50000e+000	1.65000e-001	8.82040e-001	-7.15351e-004	-1.93402e+000	2.85228e+002	1.00000e+000	2.00000e-005	2.46792e-005	1.95957e-001	1.17145e+000	1.00000e+000	1.00000e+000	-1.#IND0e+000	-1.#IND0e+000	5.00000e+000	5.00000e+000	2.97012e-003
7.50000e+000	1.75000e-001	8.74459e-001	-7.08909e-004	-1.91211e+000	2.78031e+002	1.00000e+000	2.00000e-005	2.46792e-005	1.63149e-001	1.81615e+000	1.00000e+000	1.00000e+000	-1.#IND0e+000	-1.#IND0e+000	5.00000e+000	5.00000e+000	1.33904e-003
7.50000e+000	1.85000e-001	8.54407e-001	-5.35546e-004	-1.94825e+000	2.74844e+002	1.00000e+000	2.00000e-005	2.46792e-005	2.17385e-001	8.30874e+000	1.00000e+000	1.00000e+000	-1.#IND0e+000	-1.#IND0e+000	5.00000e+000	5.00000e+000	5.31877e-004
7.50000e+000	1.95000e-001	8.30516e-001	-1.93798e-004	-2.68174e+000	2.73459e+002	1.00000e+000	2.00000e-005	2.46792e-005	1.31773e+000	1.18727e+002	1.00000e+000	1.00000e+000	-1.#IND0e+000	-1.#IND0e+000	5.00000e+000	5.00000e+000	1.33628e-003

8.50000e+000	5.00000e-003	7.89985e-001	2.09752e-004	-2.78550e+000	2.74319e+002	1.00000e+000	2.00000e-005	2.46792e-005	1.42332e+000	1.33279e+002	1.00000e+000	1.00000e+000	-1.#IND0e+000	-1.#IND0e+000	5.00000e+000	5.00000e+000	1.38799e-003
8.50000e+000	1.50000e-002	8.17914e-001	6.35122e-004	-1.94949e+000	2.77973e+002	1.00000e+000	2.00000e-005	2.46792e-005	1.69174e-001	6.99061e+000	1.00000e+000	1.00000e+000	-1.#IND0e+000	-1.#IND0e+000	5.00000e+000	5.00000e+000	3.88462e-004
8.50000e+000	2.50000e-002	8.64845e-001	9.18975e-004	-1.86139e+000	2.85440e+002	1.00000e+000	2.00000e-005	2.46792e-005	3.69722e-002	5.32317e-001	1.00000e+000	1.00000e+000	-1.#IND0e+000	-1.#IND0e+000	5.00000e+000	5.00000e+000	2.51112e-004
8.50000e+000	3.50000e-002	8.86246e-001	9.61579e-004	-1.86732e+000	3.01512e+002	1.00000e+000	2.00000e-005	2.46792e-005	4.58365e-002	1.95613e-001	1.00000e+000	1.00000e+000	-1.#IND0e+000	-1.#IND0e+000	5.00000e+000	5.00000e+000	9.86647e-004
8.50000e+000	4.50000e-002	8.94822e-001	8.80611e-004	-1.87232e+000	3.33608e+002	1.00000e+000	2.00000e-005	2.46792e-005	5.32951e-002	1.63851e-001	1.00000e+000	1.00000e+000	-1.#IND0e+000	-1.#IND0e+000	5.00000e+000	5.00000e+000	1.58016e-003
8.50000e+000	5.50000e-002	8.99700e-001	7.54867e-004	-1.87620e+000	3.91295e+002	1.00000e+000	2.00000e-005	2.46792e-005	5.90715e-002	1.56325e-001	1.00000e+000	1.00000e+000	-1.#IND0e+000	-1.#IND0e+000	5.00000e+000	5.00000e+000	2.02896e-003
8.50000e+000	6.50000e-002	9.02819e-001	6.04885e-004	-1.87915e+000	4.84047e+002	1.00000e+000	2.00000e-005	2.46792e-005	6.34648e-002	1.54492e-001	1.00000e+000	1.00000e+000	-1.#IND0e+000	-1.#IND0e+000	5.00000e+000	5.00000e+000	2.36640e-003
8.50000e+000	7.50000e-002	9.04848e-001	4.39920e-004	-1.88128e+000	6.03130e+002	1.00000e+000	2.00000e-005	2.46792e-005	6.66417e-002	1.54325e-001	1.00000e+000	1.00000e+000	-1.#IND0e+000	-1.#IND0e+000	5.00000e+000	5.00000e+000	2.61000e-003
8.50000e+000	8.50000e-002	9.06090e-001	2.65668e-004	-1.88267e+000	6.63893e+002	1.00000e+000	2.00000e-005	2.46792e-005	6.87015e-002	1.54562e-001	1.00000e+000	1.00000e+000	-1.#IND0e+000	-1.#IND0e+000	5.00000e+000	5.00000e+000	2.76836e-003
8.50000e+000	9.50000e-002	9.06690e-001	8.63191e-005	-1.88334e+000	6.79330e+002	1.00000e+000	2.00000e-005	2.46792e-005	6.97021e-002	1.54743e-001	1.00000e+000	1.00000e+000	-1.#IND0e+000	-1.#IND0e+000	5.00000e+000	5.00000e+000	2.84568e-003
8.50000e+000	1.05000e-001	9.06710e-001	-9.46085e-005	-1.88332e+000	6.60725e+002	1.00000e+000	2.00000e-005	2.46792e-005	6.96706e-002	1.54704e-001	1.00000e+000	1.00000e+000	-1.#IND0e+000	-1.#IND0e+000	5.00000e+000	5.00000e+000	2.84383e-003
8.50000e+000	1.15000e-001	9.06148e-001	-2.73790e-004	-1.88261e+000	5.94740e+002	1.00000e+000	2.00000e-005	2.46792e-005	6.86081e-002	1.54434e-001	1.00000e+000	1.00000e+000	-1.#IND0e+000	-1.#IND0e+000	5.00000e+000	5.00000e+000	2.76316e-003
8.50000e+000	1.25000e-001	9.04943e-001	-4.47708e-004	-1.88118e+000	4.71780e+002	1.00000e+000	2.00000e-005	2.46792e-005	6.64897e-002	1.54075e-001	1.00000e+000	1.00000e+000	-1.#IND0e+000	-1.#IND0e+000	5.00000e+000	5.00000e+000	2.60238e-003
8.50000e+000	1.35000e-001	9.02947e-001	-6.12171e-004	-1.87901e+000	3.83477e+002	1.00000e+000	2.00000e-005	2.46792e-005	6.32610e-002	1.54073e-001	1.00000e+000	1.00000e+000	-1.#IND0e+000	-1.#IND0e+000	5.00000e+000	5.00000e+000	2.35770e-003
8.50000e+000	1.45000e-001	8.99858e-001	-7.61482e-004	-1.87604e+000	3.30964e+002	1.00000e+000	2.00000e-005	2.46792e-005	5.88265e-002	1.55676e-001	1.00000e+000	1.00000e+000	-1.#IND0e+000	-1.#IND0e+000	5.00000e+000	5.00000e+000	2.02064e-003
8.50000e+000	1.55000e-001	8.95004e-001	-8.86376e-004	-1.87214e+000	3.01658e+002	1.00000e+000	2.00000e-005	2.46792e-005	5.30250e-002	1.62891e-001	1.00000e+000	1.00000e+000	-1.#IND0e+000	-1.#IND0e+000	5.00000e+000	5.00000e+000	1.57348e-003
8.50000e+000	1.65000e-001	8.86441e-001	-9.66283e-004	-1.86714e+000	2.86180e+002	1.00000e+000	2.00000e-005	2.46792e-005	4.55638e-002	1.94159e-001	1.00000e+000	1.00000e+000	-1.#IND0e+000	-1.#IND0e+000	5.00000e+000	5.00000e+000	9.82333e-004
8.50000e+000	1.75000e-001	8.65008e-001	-9.22228e-004	-1.86123e+000	2.78602e+002	1.00000e+000	2.00000e-005	2.46792e-005	3.67276e-002	5.29469e-001	1.00000e+000	1.00000e+000	-1.#IND0e+000	-1.#IND0e+000	5.00000e+000	5.00000e+000	2.49291e-004
8.50000e+000	1.85000e-001	8.17997e-001	-6.36989e-004	-1.94951e+000	2.75166e+002	1.00000e+000	2.00000e-005	2.46792e-005	1.69205e-001	6.99300e+000	1.00000e+000	1.00000e+000	-1.#IND0e+000	-1.#IND0e+000	5.00000e+000	5.00000e+000	3.88473e-004
8.50000e+000	1.95000e-001	7.90094e-001	-2.10422e-004	-2.78573e+000	2.73562e+002	1.00000e+000	2.00000e-005	2.46792e-005	1.42366e+000	1.33327e+002	1.00000e+000	1.00000e+000	-1.#IND0e+000	-1.#IND0e+000	5.00000e+000	5.00000e+000	1.38816e-003

9.50000e+000	5.00000e-003	7.69009e-001	2.96156e-012	-2.79024e+000	2.74700e+002	1.00000e+000	2.00000e-005	2.46792e-005	1.38187e+000	1.27500e+002	1.00000e+000	1.00000e+000	-1.#IND0e+000	-1.#IND0e+000	5.00000e+000	5.00000e+000	1.36793e-003
9.50000e+000	1.50000e-002	7.96352e-001	6.17473e-012	-1.98361e+000	2.79283e+002	1.00000e+000	2.00000e-005	2.46792e-005	1.71895e-001	6.97993e+000	1.00000e+000	1.00000e+000	-1.#IND0e+000	-1.#IND0e+000	5.00000e+000	5.00000e+000	4.00993e-004
9.50000e+000	2.50000e-002	8.58021e-001	4.55884e-012	-1.87886e+000	2.88084e+002	1.00000e+000	2.00000e-005	2.46792e-005	1.47404e-002	2.34959e-001	1.00000e+000	1.00000e+000	-1.#IND0e+000	-1.#IND0e+000	5.00000e+000	5.00000e+000	1.03228e-004
9.50000e+000	3.50000e-002	8.88809e-001	1.57056e-012	-1.87848e+000	3.06059e+002	1.00000e+000	2.00000e-005	2.46792e-005	1.41656e-002	4.69882e-002	1.00000e+000	1.00000e+000	-1.#IND0e+000	-1.#IND0e+000	5.00000e+000	5.00000e+000	4.04345e-004
9.50000e+000	4.50000e-002	9.00356e-001	9.49626e-014	-1.88059e+000	3.40381e+002	1.00000e+000	2.00000e-005	2.46792e-005	1.73248e-002	3.65511e-002	1.00000e+000	1.00000e+000	-1.#IND0e+000	-1.#IND0e+000	5.00000e+000	5.00000e+000	7.59056e-004
9.50000e+000	5.50000e-002	9.06740e-001	-2.50850e-013	-1.88212e+000	3.99381e+002	1.00000e+000	2.00000e-005	2.46792e-005	1.96319e-002	3.51503e-002	1.00000e+000	1.00000e+000	-1.#IND0e+000	-1.#IND0e+000	5.00000e+000	5.00000e+000	1.00683e-003
9.50000e+000	6.50000e-002	9.10776e-001	-4.43295e-014	-1.88329e+000	4.88062e+002	1.00000e+000	2.00000e-005	2.46792e-005	2.13733e-002	3.52880e-002	1.00000e+000	1.00000e+000	-1.#IND0e+000	-1.#IND0e+000	5.00000e+000	5.00000e+000	1.18509e-003
9.50000e+000	7.50000e-002	9.13387e-001	4.56067e-013	-1.88413e+000	5.91544e+002	1.00000e+000	2.00000e-005	2.46792e-005	2.26330e-002	3.57242e-002	1.00000e+000	1.00000e+000	-1.#IND0e+000	-1.#IND0e+000	5.00000e+000	5.00000e+000	1.31051e-003
9.50000e+000	8.50000e-002	9.14976e-001	1.11847e-012	-1.88467e+000	6.52148e+002	1.00000e+000	2.00000e-005	2.46792e-005	2.34523e-002	3.61064e-002	1.00000e+000	1.00000e+000	-1.#IND0e+000	-1.#IND0e+000	5.00000e+000	5.00000e+000	1.39097e-003
9.50000e+000	9.50000e-002	9.15738e-001	1.86030e-012	-1.88494e+000	6.69208e+002	1.00000e+000	2.00000e-005	2.46792e-005	2.38534e-002	3.63128e-002	1.00000e+000	1.00000e+000	-1.#IND0e+000	-1.#IND0e+000	5.00000e+000	5.00000e+000	1.43021e-003
9.50000e+000	1.05000e-001	9.15754e-001	2.62027e-012	-1.88493e+000	6.48711e+002	1.00000e+000	2.00000e-005	2.46792e-005	2.38464e-002	3.63023e-002	1.00000e+000	1.00000e+000	-1.#IND0e+000	-1.#IND0e+000	5.00000e+000	5.00000e+000	1.42978e-003
9.50000e+000	1.15000e-001	9.15022e-001	3.34459e-012	-1.88466e+000	5.83633e+002	1.00000e+000	2.00000e-005	2.46792e-005	2.34315e-002	3.60741e-002	1.00000e+000	1.00000e+000	-1.#IND0e+000	-1.#IND0e+000	5.00000e+000	5.00000e+000	1.38977e-003
9.50000e+000	1.25000e-001	9.13461e-001	3.97662e-012	-1.88410e+000	4.77375e+002	1.00000e+000	2.00000e-005	2.46792e-005	2.25996e-002	3.56676e-002	1.00000e+000	1.00000e+000	-1.#IND0e+000	-1.#IND0e+000	5.00000e+000	5.00000e+000	1.30876e-003
9.50000e+000	1.35000e-001	9.10876e-001	4.44366e-012	-1.88326e+000	3.91843e+002	1.00000e+000	2.00000e-005	2.46792e-005	2.13295e-002	3.52036e-002	1.00000e+000	1.00000e+000	-1.#IND0e+000	-1.#IND0e+000	5.00000e+000	5.00000e+000	1.18310e-003
9.50000e+000	1.45000e-001	9.06860e-001	4.63043e-012	-1.88209e+000	3.37222e+002	1.00000e+000	2.00000e-005	2.46792e-005	1.95808e-002	3.50335e-002	1.00000e+000	1.00000e+000	-1.#IND0e+000	-1.#IND0e+000	5.00000e+000	5.00000e+000	1.00496e-003
9.50000e+000	1.55000e-001	9.00491e-001	4.30551e-012	-1.88055e+000	3.05625e+002	1.00000e+000	2.00000e-005	2.46792e-005	1.72704e-002	3.63943e-002	1.00000e+000	1.00000e+000	-1.#IND0e+000	-1.#IND0e+000	5.00000e+000	5.00000e+000	7.57591e-004
9.50000e+000	1.65000e-001	8.88945e-001	2.93504e-012	-1.87844e+000	2.88527e+002	1.00000e+000	2.00000e-005	2.46792e-005	1.41127e-002	4.67619e-002	1.00000e+000	1.00000e+000	-1.#IND0e+000	-1.#IND0e+000	5.00000e+000	5.00000e+000	4.03328e-004
9.50000e+000	1.75000e-001	8.58098e-001	2.67579e-014	-1.87883e+000	2.79900e+002	1.00000e+000	2.00000e-005	2.46792e-005	1.46963e-002	2.34319e-001	1.00000e+000	1.00000e+000	-1.#IND0e+000	-1.#IND0e+000	5.00000e+000	5.00000e+000	1.02956e-004
9.50000e+000	1.85000e-001	7.96383e-001	-1.91079e-012	-1.98364e+000	2.75799e+002	1.00000e+000	2.00000e-005	2.46792e-005	1.71931e-001	6.98116e+000	1.00000e+000	1.00000e+000	-1.#IND0e+000	-1.#IND0e+000	5.00000e+000	5.00000e+000	4.01087e-004
9.50000e+000	1.95000e-001	7.69052e-001	-9.90267e-013	-2.79020e+000	2.73744e+002	1.00000e+000	2.00000e-005	2.46792e-005	1.38181e+000	1.27492e+002	1.00000e+000	1.00000e+000	-1.#IND0e+000	-1.#IND0e+000	5.00000e+000	5.00000e+000	1.36790e-003

